,Team,GP,PTS,FGM,FGA,FG%,3P,3PA,3P%,FT,FTA,FT%,ORB,DRB,TRB,AST,STL,BLK,TOV,PF
0,CLE,69,106.6,38.9,83.6,46.6,11.4,30.9,37.0,17.3,22.2,77.9,9.5,31.2,40.7,22.9,7.2,4.3,14.5,20.7
1,MIA,69,109.4,39.8,83.2,47.9,13.1,35.6,36.7,16.7,21.3,78.1,8.7,33.3,42.0,25.2,7.0,3.8,15.3,20.2
2,PHI,66,111.0,40.3,85.1,47.3,11.6,33.0,35.2,18.8,24.0,78.1,9.5,31.9,41.4,23.7,6.7,4.7,13.8,19.9
3,PHX,67,111.2,39.8,85.7,46.4,11.5,32.2,35.8,20.1,25.3,79.3,10.3,32.4,42.6,23.2,7.4,3.9,13.8,20.1
4,MEM,66,111.9,40.2,89.6,44.9,12.8,36.3,35.3,18.7,23.8,78.7,11.2,33.5,44.7,26.2,6.9,5.2,14.7,20.7
5,MIL,67,111.9,41.8,92.9,45.0,11.7,33.8,34.5,16.6,21.3,78.0,10.9,33.6,44.5,22.9,7.2,4.0,11.7,19.0
6,TOR,68,112.2,40.6,82.5,49.2,12.4,32.8,37.7,18.6,23.4,79.7,9.3,33.2,42.5,26.2,6.2,4.6,15.9,20.2
7,BOS,68,112.4,42.0,90.1,46.6,11.7,33.3,35.2,16.6,21.5,77.4,9.6,34.3,43.9,22.9,6.6,3.9,12.0,19.4
8,NYK,69,112.4,40.4,88.7,45.6,12.9,37.1,34.6,18.7,23.9,78.0,10.7,32.3,42.9,24.7,6.0,4.5,11.9,20.9
9,CHI,67,112.4,40.9,87.5,46.7,13.1,37.0,35.5,17.5,22.4,77.9,9.7,33.4,43.1,25.8,6.8,4.8,13.7,18.9
10,LAC,69,112.5,41.4,88.0,47.1,12.3,33.8,36.4,17.4,22.7,76.7,10.1,33.2,43.3,24.8,7.9,4.2,12.3,19.8
11,BKN,67,112.9,40.9,88.5,46.2,12.1,32.5,37.1,19.1,25.0,76.2,11.4,33.6,45.0,23.1,7.2,3.9,13.2,18.4
12,DEN,67,112.9,41.8,87.1,48.0,11.4,33.0,34.7,17.8,23.2,76.8,9.8,30.7,40.5,25.9,7.8,4.4,13.1,19.8
13,DAL,68,113.2,41.3,84.9,48.6,11.0,31.4,35.1,19.7,25.1,78.5,9.6,34.3,43.9,24.6,6.3,4.0,12.7,22.5
14,NOP,67,113.4,41.3,86.9,47.5,12.3,36.1,34.0,18.5,23.7,78.2,9.7,32.4,42.0,25.1,7.3,4.9,14.4,20.5
15,WAS,67,113.4,41.9,89.8,46.7,11.9,32.9,36.2,17.7,22.0,80.4,10.8,31.8,42.6,24.1,7.0,4.7,11.9,19.4
16,ORL,68,114.3,41.5,86.9,47.8,13.0,37.1,35.0,18.4,23.2,79.1,9.5,32.4,41.9,25.8,7.8,5.0,14.1,20.6
17,POR,67,115.7,42.5,87.2,48.7,12.0,32.3,37.0,18.8,23.9,78.4,10.3,31.6,41.9,26.2,7.7,4.1,12.7,21.3
18,MIN,68,115.7,41.6,88.6,47.0,12.8,34.4,37.3,19.7,26.0,75.8,11.5,33.2,44.8,25.3,8.2,4.0,15.1,20.0
19,OKC,67,116.7,41.8,88.5,47.2,13.0,36.1,36.0,20.2,25.7,78.3,12.0,34.6,46.6,25.8,7.2,5.6,16.5,20.3
20,UTA,68,117.2,43.4,91.3,47.5,11.9,32.9,36.2,18.6,24.1,77.1,11.5,32.0,43.4,24.1,7.9,5.0,12.4,21.0
21,ATL,68,117.2,43.1,89.6,48.1,11.9,33.6,35.4,19.1,23.5,81.0,10.7,34.0,44.7,25.7,7.5,5.0,13.6,19.6
22,LAL,67,117.3,44.1,94.2,46.8,12.6,36.8,34.3,16.5,21.5,77.1,11.2,34.3,45.5,25.8,7.7,5.3,12.1,21.3
23,CHA,69,117.5,43.0,90.2,47.7,12.5,34.8,35.9,19.1,24.1,79.3,11.0,35.5,46.6,26.0,6.6,5.8,14.2,20.4
24,GSW,68,117.6,42.4,90.2,47.0,13.0,35.8,36.5,19.7,25.4,77.6,10.4,33.3,43.8,25.8,7.8,4.1,13.9,18.5
25,IND,68,117.9,42.4,88.6,47.9,12.4,33.2,37.3,20.7,25.7,80.7,12.1,33.5,45.6,26.2,7.6,5.2,14.6,20.3
26,SAC,66,118.3,44.0,89.0,49.5,12.3,33.2,37.1,18.0,22.8,78.9,9.7,32.1,41.8,26.3,7.5,4.0,13.8,21.2
27,HOU,67,118.5,42.3,88.2,47.9,14.7,39.1,37.6,19.2,24.1,79.8,10.5,31.1,41.6,25.9,8.9,6.1,12.8,21.0
28,DET,68,118.9,43.4,88.4,49.1,12.1,33.1,36.4,20.1,25.8,77.8,10.9,33.9,44.8,25.7,7.5,5.5,13.4,21.4
29,SAS,66,122.3,45.7,90.1,50.8,12.4,31.3,39.5,18.4,23.8,77.4,10.6,33.5,44.1,26.5,8.5,5.1,13.3,18.5
