Rk,Player,Pos,Age,Tm,G,GS,MP,FG,FGA,FG%,3P,3PA,3P%,2P,2PA,2P%,eFG%,FT,FTA,FT%,ORB,DRB,TRB,AST,STL,BLK,TOV,PF,PTS,Player-additional
1,Precious Achiuwa,C,23,TOR,35,11,827,140,287,.488,19,75,.253,121,212,.571,.521,67,97,.691,75,160,235,36,24,24,41,76,366,achiupr01
2,Steven Adams,C,29,MEM,42,42,1133,157,263,.597,0,1,.000,157,262,.599,.597,47,129,.364,214,271,485,97,36,46,79,98,361,adamsst01
3,Bam Adebayo,C,25,MIA,54,54,1909,461,848,.544,1,11,.091,460,837,.550,.544,243,302,.805,144,395,539,177,65,44,136,152,1166,adebaba01
4,Ochai Agbaji,SG,22,UTA,37,2,557,64,130,.492,31,78,.397,33,52,.635,.612,10,16,.625,24,38,62,18,5,4,11,52,169,agbajoc01
5,Santi Aldama,PF,22,MEM,54,18,1194,182,381,.478,75,201,.373,107,180,.594,.576,76,103,.738,56,198,254,66,37,38,40,101,515,aldamsa01
6,Nickeil Alexander-Walker,SG,24,TOT,38,3,534,84,172,.488,35,87,.402,49,85,.576,.590,27,39,.692,8,52,60,76,24,14,46,58,230,alexani01
6,Nickeil Alexander-Walker,SG,24,UTA,36,3,528,83,170,.488,35,87,.402,48,83,.578,.591,27,39,.692,8,51,59,76,24,14,45,58,228,alexani01
6,Nickeil Alexander-Walker,SG,24,MIN,2,0,6,1,2,.500,0,0,,1,2,.500,.500,0,0,,0,1,1,0,0,0,1,0,2,alexani01
7,Grayson Allen,SG,27,MIL,54,52,1491,183,412,.444,106,262,.405,77,150,.513,.573,94,104,.904,46,138,184,130,44,10,59,86,566,allengr01
8,Jarrett Allen,C,24,CLE,54,54,1798,332,507,.655,1,8,.125,331,499,.663,.656,129,180,.717,172,360,532,91,43,66,81,122,794,allenja01
9,Jose Alvarado,PG,24,NOP,58,10,1264,192,470,.409,81,239,.339,111,231,.481,.495,65,80,.813,26,111,137,181,64,10,80,121,530,alvarjo01
10,Kyle Anderson,PF,29,MIN,48,32,1253,151,300,.503,29,68,.426,122,232,.526,.552,81,104,.779,37,189,226,195,57,40,66,102,412,anderky01
11,Giannis Antetokounmpo,PF,28,MIL,47,47,1554,532,988,.538,38,141,.270,494,847,.583,.558,394,610,.646,109,463,572,254,36,37,187,159,1496,antetgi01
12,Thanasis Antetokounmpo,SF,30,MIL,25,0,101,4,19,.211,0,4,.000,4,15,.267,.211,4,8,.500,8,17,25,4,2,3,7,12,12,antetth01
13,Cole Anthony,PG,22,ORL,39,3,977,164,370,.443,42,127,.331,122,243,.502,.500,99,112,.884,23,156,179,160,23,24,58,96,469,anthoco01
14,OG Anunoby,SF,25,TOR,45,45,1611,282,617,.457,86,235,.366,196,382,.513,.527,110,134,.821,68,180,248,91,93,35,98,133,760,anunoog01
15,Ryan Arcidiacono,PG,28,TOT,13,0,35,1,6,.167,1,4,.250,0,2,.000,.250,0,0,,0,4,4,2,2,0,2,3,3,arcidry01
15,Ryan Arcidiacono,PG,28,NYK,11,0,26,1,5,.200,1,3,.333,0,2,.000,.300,0,0,,0,4,4,2,2,0,1,3,3,arcidry01
15,Ryan Arcidiacono,PG,28,POR,2,0,9,0,1,.000,0,1,.000,0,0,,.000,0,0,,0,0,0,0,0,0,1,0,0,arcidry01
16,Deni Avdija,SF,22,WAS,56,32,1472,182,419,.434,50,170,.294,132,249,.530,.494,94,125,.752,60,290,350,141,50,27,81,163,508,avdijde01
17,Deandre Ayton,C,24,PHO,51,51,1540,416,701,.593,7,23,.304,409,678,.603,.598,117,159,.736,143,372,515,104,29,37,98,141,956,aytonde01
18,Udoka Azubuike,C,23,UTA,24,0,137,21,24,.875,0,0,,21,24,.875,.875,2,6,.333,13,37,50,6,3,6,10,12,44,azubuud01
19,Marvin Bagley III,C,23,DET,25,13,532,108,201,.537,9,33,.273,99,168,.589,.560,40,52,.769,52,96,148,14,13,18,22,51,265,baglema01
20,Patrick Baldwin Jr.,SF,20,GSW,16,0,129,27,62,.435,22,49,.449,5,13,.385,.613,4,6,.667,0,21,21,3,6,1,7,7,80,baldwpa01
21,LaMelo Ball,PG,21,CHO,33,33,1167,273,669,.408,128,351,.365,145,318,.456,.504,95,111,.856,39,169,208,278,44,11,114,113,769,ballla01
22,Mo Bamba,C,24,TOT,41,6,697,108,221,.489,43,113,.381,65,108,.602,.586,35,53,.660,48,142,190,43,12,41,23,92,294,bambamo01
22,Mo Bamba,C,24,ORL,40,6,681,106,214,.495,43,108,.398,63,106,.594,.596,35,51,.686,47,137,184,42,12,38,22,86,290,bambamo01
22,Mo Bamba,C,24,LAL,1,0,16,2,7,.286,0,5,.000,2,2,1.000,.286,0,2,.000,1,5,6,1,0,3,1,6,4,bambamo01
23,Paolo Banchero,PF,20,ORL,52,52,1754,338,807,.419,61,217,.281,277,590,.469,.457,296,393,.753,61,284,345,187,49,25,141,118,1033,banchpa01
24,Desmond Bane,SG,24,MEM,35,35,1093,263,565,.465,106,248,.427,157,317,.495,.559,120,133,.902,23,148,171,146,35,13,77,86,752,banede01
25,Dalano Banton,PG,23,TOR,26,2,246,46,111,.414,13,46,.283,33,65,.508,.473,15,19,.789,9,26,35,29,12,12,15,30,120,bantoda01
26,Dominick Barlow,SF,19,SAS,10,0,95,13,25,.520,0,4,.000,13,21,.619,.520,9,10,.900,13,10,23,7,2,2,6,18,35,barlodo01
27,Harrison Barnes,PF,30,SAC,57,57,1861,260,552,.471,95,254,.374,165,298,.554,.557,233,280,.832,55,207,262,90,43,7,65,73,848,barneha02
28,Scottie Barnes,PF,21,TOR,56,55,1971,338,739,.457,52,173,.301,286,566,.505,.493,146,190,.768,134,266,400,272,57,48,114,122,874,barnesc01
29,RJ Barrett,SG,22,NYK,53,53,1829,369,863,.428,94,291,.323,275,572,.481,.482,213,285,.747,47,230,277,146,25,8,118,138,1045,barrerj01
30,Will Barton,SG,32,WAS,40,0,782,110,284,.387,52,137,.380,58,147,.395,.479,35,45,.778,10,101,111,95,17,10,45,39,307,bartowi01
31,Charles Bassey,C,22,SAS,26,1,354,51,83,.614,2,6,.333,49,77,.636,.627,18,28,.643,55,89,144,32,9,24,30,53,122,bassech01
32,Keita Bates-Diop,SF,27,SAS,45,23,904,140,284,.493,26,73,.356,114,211,.540,.539,58,74,.784,45,105,150,51,31,12,35,45,364,bateske01
33,Nicolas Batum,PF,34,LAC,57,11,1238,113,277,.408,85,225,.378,28,52,.538,.561,27,41,.659,50,190,240,84,34,40,38,117,338,batumni01
34,Darius Bazley,PF,22,OKC,36,1,555,71,158,.449,18,45,.400,53,113,.469,.506,36,65,.554,29,93,122,32,19,29,22,35,196,bazleda01
35,Bradley Beal,SG,29,WAS,36,36,1183,316,608,.520,63,168,.375,253,440,.575,.572,135,158,.854,30,97,127,186,32,23,99,68,830,bealbr01
36,Malik Beasley,SG,26,TOT,58,14,1533,278,703,.395,177,496,.357,101,207,.488,.521,37,44,.841,27,177,204,96,48,8,64,80,770,beaslma01
36,Malik Beasley,SG,26,UTA,55,13,1472,265,669,.396,169,471,.359,96,198,.485,.522,37,44,.841,27,170,197,93,44,8,60,75,736,beaslma01
36,Malik Beasley,SG,26,LAL,3,1,61,13,34,.382,8,25,.320,5,9,.556,.500,0,0,,0,7,7,3,4,0,4,5,34,beaslma01
37,MarJon Beauchamp,SF,22,MIL,38,9,563,80,201,.398,38,118,.322,42,83,.506,.493,21,29,.724,34,56,90,26,18,4,36,59,219,beaucma01
38,Dāvis Bertāns,PF,30,DAL,34,0,360,47,111,.423,37,97,.381,10,14,.714,.590,10,12,.833,6,26,32,12,7,3,9,39,141,bertada01
39,Patrick Beverley,PG,34,LAL,45,45,1211,97,241,.402,55,158,.348,42,83,.506,.517,39,50,.780,24,116,140,118,40,25,42,124,288,beverpa01
40,Saddiq Bey,SF,23,TOT,54,31,1539,250,619,.404,104,299,.348,146,320,.456,.488,181,210,.862,62,190,252,85,50,13,56,87,785,beysa01
40,Saddiq Bey,SF,23,DET,52,30,1500,245,606,.404,101,293,.345,144,313,.460,.488,180,209,.861,59,183,242,84,50,12,54,86,771,beysa01
40,Saddiq Bey,SF,23,ATL,2,1,39,5,13,.385,3,6,.500,2,7,.286,.500,1,1,1.000,3,7,10,1,0,1,2,1,14,beysa01
41,Khem Birch,C,30,TOR,20,0,162,19,32,.594,1,2,.500,18,30,.600,.609,4,5,.800,8,17,25,7,5,5,8,24,43,birchkh01
42,Goga Bitadze,C,23,IND,21,0,202,27,52,.519,4,14,.286,23,38,.605,.558,11,24,.458,25,24,49,18,9,10,12,34,69,bitadgo01
43,Bismack Biyombo,C,30,PHO,46,9,642,79,138,.572,0,0,,79,138,.572,.572,16,51,.314,51,136,187,43,15,59,43,84,174,biyombi01
44,Buddy Boeheim,PG,23,DET,1,0,1,0,0,,0,0,,0,0,,,0,0,,0,0,0,0,0,0,0,0,0,boehebu01
45,Bogdan Bogdanović,SG,30,ATL,34,5,1015,183,428,.428,93,243,.383,90,185,.486,.536,36,47,.766,14,100,114,103,29,11,40,59,495,bogdabo01
46,Bojan Bogdanović,PF,33,DET,56,56,1796,411,837,.491,136,334,.407,275,503,.547,.572,263,298,.883,33,172,205,144,33,7,127,104,1221,bogdabo02
47,Bol Bol,PF,23,ORL,54,32,1251,233,401,.581,28,83,.337,205,318,.645,.616,69,92,.750,61,276,337,46,23,72,98,73,563,bolbo01
48,Leandro Bolmaro,SG,22,UTA,14,0,68,3,20,.150,0,4,.000,3,16,.188,.150,0,0,,4,3,7,7,3,1,7,10,6,bolmale01
49,Devin Booker,SG,26,PHO,33,33,1117,315,662,.476,73,204,.358,242,458,.528,.531,174,205,.849,24,126,150,183,29,12,82,95,877,bookede01
50,Brandon Boston Jr.,SG,21,LAC,21,1,247,51,121,.421,12,29,.414,39,92,.424,.471,29,38,.763,7,22,29,19,9,0,12,21,143,bostobr01
51,Chris Boucher,PF,30,TOR,53,0,1102,188,383,.491,43,135,.319,145,248,.585,.547,102,138,.739,118,192,310,23,37,45,26,104,521,bouchch01
52,James Bouknight,SG,22,CHO,26,0,354,40,122,.328,16,64,.250,24,58,.414,.393,15,22,.682,5,46,51,28,13,4,19,29,111,bouknja01
53,Jamaree Bouyea,PG,23,MIA,4,0,65,6,13,.462,2,5,.400,4,8,.500,.538,1,2,.500,1,4,5,4,4,2,4,5,15,bouyeja01
54,Tony Bradley,C,25,CHI,12,0,33,6,12,.500,3,5,.600,3,7,.429,.625,4,4,1.000,1,10,11,1,1,1,1,2,19,bradlto01
55,Malaki Branham,SF,19,SAS,45,12,989,161,362,.445,52,165,.315,109,197,.553,.517,35,45,.778,15,81,96,87,24,6,47,74,409,branhma01
56,Christian Braun,SG,21,DEN,54,3,834,96,194,.495,23,62,.371,73,132,.553,.554,22,37,.595,37,91,128,42,26,11,24,68,237,braunch01
57,Mikal Bridges,SF,26,TOT,59,59,2139,381,814,.468,109,275,.396,272,539,.505,.535,169,189,.894,63,199,262,210,69,48,85,120,1040,bridgmi01
57,Mikal Bridges,SF,26,PHO,56,56,2040,354,764,.463,101,261,.387,253,503,.503,.529,156,174,.897,56,187,243,201,65,45,78,115,965,bridgmi01
57,Mikal Bridges,SF,26,BRK,3,3,99,27,50,.540,8,14,.571,19,36,.528,.620,13,15,.867,7,12,19,9,4,3,7,5,75,bridgmi01
58,Oshae Brissett,SF,24,IND,49,1,786,85,219,.388,39,117,.333,46,102,.451,.477,61,88,.693,44,122,166,26,28,8,21,64,270,brissos01
59,Malcolm Brogdon,PG,30,BOS,50,0,1264,255,529,.482,101,222,.455,154,307,.502,.578,124,140,.886,34,174,208,186,30,14,82,80,735,brogdma01
60,Dillon Brooks,SF,27,MEM,52,52,1585,290,742,.391,94,301,.312,196,441,.444,.454,93,118,.788,31,139,170,134,44,10,79,176,767,brookdi01
61,Bruce Brown,SG,26,DEN,58,28,1670,256,521,.491,78,201,.388,178,320,.556,.566,63,88,.716,40,183,223,212,63,36,96,138,653,brownbr01
62,Greg Brown III,PF,21,POR,16,0,93,11,28,.393,1,7,.143,10,21,.476,.411,5,12,.417,2,17,19,3,4,5,6,13,28,browngr01
63,Jaylen Brown,SF,26,BOS,48,48,1707,473,971,.487,121,366,.331,352,605,.582,.549,204,262,.779,57,279,336,155,53,22,146,128,1271,brownja02
64,Kendall Brown,SG,19,IND,6,0,40,4,7,.571,0,1,.000,4,6,.667,.571,1,2,.500,2,4,6,3,4,0,2,9,9,brownke03
65,Moses Brown,C,23,LAC,34,1,288,61,96,.635,0,0,,61,96,.635,.635,33,72,.458,57,82,139,4,3,14,14,38,155,brownmo01
66,Sterling Brown,SG,27,LAL,4,0,24,0,4,.000,0,2,.000,0,2,.000,.000,0,0,,3,5,8,2,3,0,0,4,0,brownst02
67,Troy Brown Jr.,SF,23,LAL,53,31,1279,141,322,.438,67,185,.362,74,137,.540,.542,26,27,.963,48,178,226,57,39,8,37,81,375,browntr01
68,Jalen Brunson,PG,26,NYK,56,56,1966,480,989,.485,106,258,.411,374,731,.512,.539,275,328,.838,36,167,203,347,51,15,114,130,1341,brunsja01
69,Thomas Bryant,C,25,TOT,44,25,906,204,312,.654,22,51,.431,182,261,.697,.689,84,113,.743,70,216,286,29,14,23,29,81,514,bryanth01
69,Thomas Bryant,C,25,LAL,41,25,876,197,301,.654,22,50,.440,175,251,.697,.691,80,108,.741,67,212,279,29,14,23,28,77,496,bryanth01
69,Thomas Bryant,C,25,DEN,3,0,30,7,11,.636,0,1,.000,7,10,.700,.636,4,5,.800,3,4,7,0,0,0,1,4,18,bryanth01
70,Reggie Bullock,SF,31,DAL,58,35,1764,133,337,.395,105,284,.370,28,53,.528,.550,24,35,.686,28,173,201,80,45,13,27,130,395,bullore01
71,Alec Burks,SG,31,DET,46,6,1015,183,416,.440,89,210,.424,94,206,.456,.547,138,169,.817,17,118,135,100,33,6,53,89,593,burksal01
72,Deonte Burton,SG,29,SAC,2,0,6,0,2,.000,0,1,.000,0,1,.000,.000,0,0,,0,0,0,0,0,0,0,0,0,burtode02
73,Jimmy Butler,SF,33,MIA,44,44,1482,317,625,.507,23,76,.303,294,549,.536,.526,298,350,.851,97,166,263,223,88,16,74,57,955,butleji01
74,John Butler,C,20,POR,8,0,26,1,4,.250,0,3,.000,1,1,1.000,.250,0,0,,1,1,2,1,0,2,0,2,2,butlejo01
75,Jamal Cain,SF,23,MIA,13,0,181,25,48,.521,2,11,.182,23,37,.622,.542,12,16,.750,12,26,38,8,8,0,4,15,64,cainja01
76,Kentavious Caldwell-Pope,SG,29,DEN,56,56,1758,228,482,.473,109,242,.450,119,240,.496,.586,73,87,.839,28,139,167,134,77,24,67,113,638,caldwke01
77,Facundo Campazzo,PG,31,DAL,8,0,52,3,13,.231,3,11,.273,0,2,.000,.346,1,2,.500,0,2,2,9,6,0,3,3,10,campafa01
78,Vlatko Čančar,PF,25,DEN,44,6,705,93,185,.503,38,90,.422,55,95,.579,.605,25,26,.962,20,85,105,67,17,11,30,72,249,cancavl01
79,Clint Capela,C,28,ATL,43,41,1156,237,378,.627,0,1,.000,237,377,.629,.627,49,80,.613,183,305,488,35,30,51,35,95,523,capelca01
80,Vernon Carey Jr.,C,21,WAS,11,0,28,2,8,.250,0,0,,2,8,.250,.250,2,2,1.000,3,8,11,3,2,2,2,5,6,careyve01
81,Jevon Carter,PG,27,MIL,58,31,1306,162,375,.432,91,218,.417,71,157,.452,.553,22,27,.815,25,124,149,149,57,25,63,118,437,carteje01
82,Wendell Carter Jr.,C,23,ORL,39,36,1173,222,417,.532,51,138,.370,171,279,.613,.594,106,141,.752,77,254,331,103,14,22,86,115,601,cartewe01
83,Alex Caruso,PG,28,CHI,49,19,1191,92,208,.442,40,105,.381,52,103,.505,.538,46,58,.793,30,124,154,158,82,32,64,122,270,carusal01
84,Julian Champagnie,SF,21,PHI,2,0,7,0,2,.000,0,1,.000,0,1,.000,.000,0,0,,0,0,0,0,1,0,0,0,0,champju02
85,Justin Champagnie,SF,21,TOR,3,0,11,3,3,1.000,0,0,,3,3,1.000,1.000,0,0,,1,3,4,1,0,0,0,1,6,champju01
86,Kennedy Chandler,PG,20,MEM,24,0,221,26,66,.394,2,14,.143,24,52,.462,.409,5,11,.455,6,24,30,46,10,5,16,13,59,chandke01
87,Max Christie,SG,19,LAL,35,3,498,43,103,.417,26,62,.419,17,41,.415,.544,14,16,.875,7,67,74,19,8,7,13,32,126,chrisma02
88,Josh Christopher,SG,21,HOU,40,1,406,74,161,.460,10,42,.238,64,119,.538,.491,27,37,.730,11,33,44,38,16,9,38,32,185,chrisjo01
89,Brandon Clarke,PF,26,MEM,51,7,1020,219,330,.664,1,6,.167,218,324,.673,.665,96,133,.722,83,202,285,64,33,36,53,122,535,clarkbr01
90,Jordan Clarkson,SG,30,UTA,58,58,1886,439,984,.446,153,443,.345,286,541,.529,.524,189,231,.818,67,168,235,245,30,13,174,113,1220,clarkjo01
91,Nic Claxton,C,23,BRK,54,54,1592,301,417,.722,0,2,.000,301,415,.725,.722,90,178,.506,137,351,488,89,40,139,69,152,692,claxtni01
92,Amir Coffey,SG,25,LAC,40,9,570,53,136,.390,10,37,.270,43,99,.434,.426,45,55,.818,16,35,51,49,7,3,17,48,161,coffeam01
93,John Collins,PF,25,ATL,50,50,1555,259,512,.506,40,161,.248,219,351,.624,.545,104,128,.813,56,298,354,62,34,62,59,164,662,collijo01
94,Zach Collins,C,25,SAS,48,11,1016,187,347,.539,29,81,.358,158,266,.594,.581,78,105,.743,86,197,283,126,21,30,92,153,481,colliza01
95,Mike Conley,PG,35,TOT,46,45,1368,160,396,.404,81,226,.358,79,170,.465,.506,81,100,.810,19,94,113,348,49,10,79,99,482,conlemi01
95,Mike Conley,PG,35,UTA,43,42,1276,153,375,.408,77,213,.362,76,162,.469,.511,78,96,.813,17,90,107,330,44,10,74,94,461,conlemi01
95,Mike Conley,PG,35,MIN,3,3,92,7,21,.333,4,13,.308,3,8,.375,.429,3,4,.750,2,4,6,18,5,0,5,5,21,conlemi01
96,Pat Connaughton,SG,30,MIL,41,25,1043,124,314,.395,85,240,.354,39,74,.527,.530,17,28,.607,35,173,208,53,30,5,25,44,350,connapa01
97,Robert Covington,PF,32,LAC,36,0,584,69,170,.406,35,105,.333,34,65,.523,.509,25,34,.735,25,108,133,46,25,28,23,68,198,covinro01
98,Torrey Craig,SF,32,PHO,57,47,1474,172,377,.456,75,186,.403,97,191,.508,.556,27,37,.730,117,209,326,89,39,36,59,135,446,craigto01
99,Jarrett Culver,SG,23,ATL,10,1,137,17,43,.395,1,12,.083,16,31,.516,.407,9,13,.692,10,28,38,6,6,2,7,14,44,culveja01
100,Cade Cunningham,PG,21,DET,12,12,400,93,224,.415,17,61,.279,76,163,.466,.453,36,43,.837,12,62,74,72,10,7,39,34,239,cunnica01
101,Seth Curry,SG,32,BRK,40,6,914,153,333,.459,74,176,.420,79,157,.503,.571,34,35,.971,10,67,77,81,26,7,42,74,414,curryse01
102,Stephen Curry,PG,34,GSW,38,38,1313,372,751,.495,185,433,.427,187,318,.588,.619,190,206,.922,22,219,241,244,37,15,122,82,1119,curryst01
103,Dyson Daniels,PG,19,NOP,39,11,778,69,155,.445,20,60,.333,49,95,.516,.510,18,29,.621,28,110,138,96,34,10,43,75,176,daniedy01
104,Anthony Davis,C,29,LAL,35,33,1168,344,612,.562,13,52,.250,331,560,.591,.573,209,255,.820,114,317,431,88,41,70,74,96,910,davisan02
105,Johnny Davis,SG,20,WAS,13,0,62,6,18,.333,1,4,.250,5,14,.357,.361,3,3,1.000,1,7,8,2,1,1,2,13,16,davisjo06
106,Terence Davis,SG,25,SAC,44,4,607,113,257,.440,60,166,.361,53,91,.582,.556,27,30,.900,17,90,107,56,35,11,38,80,313,daviste02
107,JD Davison,PG,20,BOS,6,0,14,2,8,.250,0,3,.000,2,5,.400,.250,0,0,,0,2,2,1,1,0,1,0,4,davisjd01
108,Darius Days,PF,23,HOU,3,0,23,5,11,.455,3,9,.333,2,2,1.000,.591,2,2,1.000,1,5,6,1,0,1,0,2,15,daysda01
109,Dewayne Dedmon,C,33,MIA,30,0,350,64,129,.496,11,37,.297,53,92,.576,.539,32,44,.727,28,81,109,16,7,14,19,61,171,dedmode01
110,Matthew Dellavedova,PG,32,SAC,24,0,146,12,32,.375,6,15,.400,6,17,.353,.469,3,5,.600,1,7,8,33,6,0,8,14,33,dellama01
111,DeMar DeRozan,SF,33,CHI,53,53,1925,484,955,.507,27,85,.318,457,870,.525,.521,349,396,.881,23,224,247,270,51,28,119,144,1344,derozde01
112,Moussa Diabaté,PF,21,LAC,17,1,171,21,40,.525,1,2,.500,20,38,.526,.538,10,16,.625,29,16,45,3,5,6,9,13,53,diabamo01
113,Mamadi Diakite,PF,26,CLE,16,2,98,11,26,.423,4,15,.267,7,11,.636,.500,0,0,,3,9,12,2,2,6,6,13,26,diakima01
114,Hamidou Diallo,SG,24,DET,50,0,841,177,301,.588,5,18,.278,172,283,.608,.596,75,128,.586,48,119,167,47,45,14,59,108,434,diallha01
115,Gorgui Dieng,C,33,SAS,19,1,193,24,60,.400,12,41,.293,12,19,.632,.500,5,6,.833,18,35,53,28,2,7,16,28,65,dienggo01
116,Ousmane Dieng,SF,19,OKC,19,0,284,32,77,.416,13,45,.289,19,32,.594,.500,2,5,.400,8,41,49,26,5,6,12,22,79,diengou01
117,Spencer Dinwiddie,PG,29,TOT,57,57,1946,337,746,.452,146,366,.399,191,380,.503,.550,191,231,.827,20,161,181,300,45,16,97,134,1011,dinwisp01
117,Spencer Dinwiddie,PG,29,DAL,53,53,1808,316,694,.455,138,341,.405,178,353,.504,.555,170,207,.821,19,144,163,279,39,16,90,124,940,dinwisp01
117,Spencer Dinwiddie,PG,29,BRK,4,4,138,21,52,.404,8,25,.320,13,27,.481,.481,21,24,.875,1,17,18,21,6,0,7,10,71,dinwisp01
118,Donte DiVincenzo,SG,26,GSW,48,13,1209,149,345,.432,99,238,.416,50,107,.467,.575,33,40,.825,43,156,199,159,63,5,70,88,430,divindo01
119,Luka Dončić,PG,23,DAL,50,50,1826,562,1112,.505,137,392,.349,425,720,.590,.567,405,555,.730,45,396,441,407,76,24,183,134,1666,doncilu01
120,Tyler Dorsey,SG,26,DAL,3,0,8,4,5,.800,1,2,.500,3,3,1.000,.900,0,0,,1,1,2,0,0,0,0,0,9,dorsety01
121,Luguentz Dort,SG,23,OKC,50,49,1494,238,578,.412,94,264,.356,144,314,.459,.493,130,172,.756,68,138,206,112,52,13,67,164,700,dortlu01
122,Ayo Dosunmu,SG,23,CHI,57,49,1619,221,439,.503,47,145,.324,174,294,.592,.557,54,67,.806,40,134,174,161,39,20,78,145,543,dosunay01
123,Devon Dotson,PG,23,WAS,6,0,53,1,10,.100,1,4,.250,0,6,.000,.150,0,0,,6,4,10,8,5,0,3,9,3,dotsode01
124,Jeff Dowtin,PG,25,TOR,15,0,102,12,27,.444,1,6,.167,11,21,.524,.463,3,3,1.000,5,9,14,12,3,1,3,5,28,dowtije01
125,PJ Dozier,SG,26,SAC,4,0,10,2,3,.667,1,2,.500,1,1,1.000,.833,0,0,,0,2,2,0,3,0,0,0,5,doziepj01
126,Goran Dragić,PG,36,CHI,51,0,787,127,299,.425,45,128,.352,82,171,.480,.500,27,41,.659,13,56,69,139,11,4,56,63,326,dragigo01
127,Andre Drummond,C,29,CHI,46,0,595,124,198,.626,0,2,.000,124,196,.633,.626,47,88,.534,97,211,308,26,31,16,53,85,295,drumman01
128,Chris Duarte,SF,25,IND,36,10,694,94,261,.360,41,138,.297,53,123,.431,.439,55,66,.833,15,73,88,53,18,8,33,54,284,duartch01
129,David Duke Jr.,SG,23,BRK,16,0,141,21,48,.438,0,6,.000,21,42,.500,.438,4,8,.500,6,9,15,12,6,1,13,25,46,dukeda01
130,Kevin Durant,PF,34,BRK,39,39,1403,410,734,.559,71,189,.376,339,545,.622,.607,267,286,.934,14,248,262,207,32,57,136,92,1158,duranke01
131,Jalen Duren,C,19,DET,51,26,1283,186,285,.653,0,1,.000,186,284,.655,.653,69,113,.611,170,276,446,55,31,46,61,136,441,durenja01
132,Tari Eason,PF,21,HOU,58,3,1124,194,437,.444,39,113,.345,155,324,.478,.489,75,99,.758,128,192,320,55,61,33,62,127,502,easonta01
133,Anthony Edwards,SG,21,MIN,61,61,2211,548,1182,.464,162,445,.364,386,737,.524,.532,260,335,.776,37,323,360,274,100,38,205,155,1518,edwaran01
134,Kessler Edwards,SF,22,TOT,15,1,89,6,25,.240,2,13,.154,4,12,.333,.280,1,2,.500,6,9,15,4,3,1,4,3,15,edwarke02
134,Kessler Edwards,SF,22,BRK,14,1,79,6,24,.250,2,12,.167,4,12,.333,.292,1,2,.500,6,8,14,2,3,1,4,3,15,edwarke02
134,Kessler Edwards,SF,22,SAC,1,0,10,0,1,.000,0,1,.000,0,0,,.000,0,0,,0,1,1,2,0,0,0,0,0,edwarke02
135,Keon Ellis,SG,23,SAC,9,0,36,6,10,.600,5,8,.625,1,2,.500,.850,2,3,.667,3,4,7,3,2,1,1,6,19,elliske01
136,Joel Embiid,C,28,PHI,45,45,1571,496,924,.537,50,141,.355,446,783,.570,.564,447,521,.858,80,377,457,183,52,68,159,144,1489,embiijo01
137,Drew Eubanks,C,25,POR,56,13,1093,139,204,.681,3,7,.429,136,197,.690,.689,51,75,.680,91,185,276,64,28,67,44,122,332,eubandr01
138,Bruno Fernando,C,24,TOT,32,4,368,50,96,.521,0,1,.000,50,95,.526,.521,30,44,.682,49,74,123,30,6,31,21,68,130,fernabr01
138,Bruno Fernando,C,24,HOU,31,4,364,48,93,.516,0,1,.000,48,92,.522,.516,30,44,.682,48,74,122,30,6,31,20,68,126,fernabr01
138,Bruno Fernando,C,24,ATL,1,0,4,2,3,.667,0,0,,2,3,.667,.667,0,0,,1,0,1,0,0,0,1,0,4,fernabr01
139,Dorian Finney-Smith,PF,29,TOT,44,44,1407,138,337,.409,81,232,.349,57,105,.543,.530,33,45,.733,75,139,214,63,38,20,40,91,390,finnedo01
139,Dorian Finney-Smith,PF,29,DAL,40,40,1288,129,310,.416,77,217,.355,52,93,.559,.540,30,40,.750,67,121,188,59,38,20,36,80,365,finnedo01
139,Dorian Finney-Smith,PF,29,BRK,4,4,119,9,27,.333,4,15,.267,5,12,.417,.407,3,5,.600,8,18,26,4,0,0,4,11,25,finnedo01
140,Malachi Flynn,PG,24,TOR,42,1,582,72,197,.365,41,110,.373,31,87,.356,.470,15,20,.750,15,49,64,63,17,3,18,55,200,flynnma01
141,Simone Fontecchio,SF,27,UTA,31,0,299,39,108,.361,24,75,.320,15,33,.455,.472,11,16,.688,15,20,35,16,4,6,18,29,113,fontesi01
142,Bryn Forbes,SG,29,MIN,25,0,268,30,83,.361,14,46,.304,16,37,.432,.446,15,15,1.000,4,11,15,17,7,2,12,22,89,forbebr01
143,Trent Forrest,PG,24,ATL,18,3,239,24,50,.480,0,2,.000,24,48,.500,.480,2,3,.667,5,24,29,31,6,2,10,16,50,forretr01
144,Michael Foster Jr.,PF,20,PHI,1,0,1,0,0,,0,0,,0,0,,,0,0,,0,0,0,0,0,0,0,0,0,fostemi02
145,Evan Fournier,SG,30,NYK,23,7,414,53,151,.351,33,102,.324,20,49,.408,.460,18,21,.857,4,41,45,35,14,3,19,43,157,fournev01
146,De'Aaron Fox,PG,25,SAC,52,52,1770,480,946,.507,80,246,.325,400,700,.571,.550,251,315,.797,25,198,223,322,55,18,138,128,1291,foxde01
147,Markelle Fultz,PG,24,ORL,38,38,1108,205,409,.501,15,50,.300,190,359,.529,.520,69,90,.767,48,105,153,209,56,15,89,79,494,fultzma01
148,Wenyen Gabriel,PF,25,LAL,46,2,706,121,196,.617,9,30,.300,112,166,.675,.640,38,61,.623,76,103,179,22,16,25,33,101,289,gabriwe01
149,Daniel Gafford,C,24,WAS,56,25,1049,190,255,.745,0,0,,190,255,.745,.745,89,139,.640,109,186,295,52,20,74,53,126,469,gaffoda01
150,Darius Garland,PG,23,CLE,51,51,1794,383,819,.468,130,310,.419,253,509,.497,.547,213,247,.862,22,117,139,406,64,5,151,110,1109,garlada01
151,Usman Garuba,PF,20,HOU,51,1,693,64,121,.529,15,32,.469,49,89,.551,.591,19,36,.528,86,144,230,48,36,23,34,87,162,garubus01
152,Luka Garza,C,24,MIN,22,0,205,53,101,.525,13,36,.361,40,65,.615,.589,33,43,.767,27,26,53,14,2,1,9,33,152,garzalu01
153,Rudy Gay,PF,36,UTA,44,0,645,80,210,.381,23,96,.240,57,114,.500,.436,30,35,.857,28,101,129,42,16,13,28,53,213,gayru01
154,Paul George,SG,32,LAC,44,44,1506,356,773,.461,130,340,.382,226,433,.522,.545,181,207,.874,32,236,268,231,64,15,145,120,1023,georgpa01
155,Taj Gibson,C,37,WAS,36,2,353,52,95,.547,4,16,.250,48,79,.608,.568,22,32,.688,26,44,70,27,13,10,19,67,130,gibsota01
156,Josh Giddey,SG,20,OKC,52,52,1602,366,749,.489,49,155,.316,317,594,.534,.521,66,84,.786,100,303,403,306,39,25,158,110,847,giddejo01
157,Shai Gilgeous-Alexander,PG,24,OKC,53,53,1877,541,1065,.508,47,137,.343,494,928,.532,.530,506,555,.912,46,202,248,300,87,57,153,143,1635,gilgesh01
158,Anthony Gill,PF,30,WAS,41,4,411,51,84,.607,3,19,.158,48,65,.738,.625,24,29,.828,22,35,57,20,5,8,9,48,129,gillan01
159,Rudy Gobert,C,30,MIN,50,50,1524,255,377,.676,0,3,.000,255,374,.682,.676,156,233,.670,158,422,580,45,39,65,88,148,666,goberru01
160,Jordan Goodwin,PG,24,WAS,40,4,722,97,214,.453,26,67,.388,71,147,.483,.514,33,44,.750,35,95,130,98,41,21,36,67,253,goodwjo01
161,Aaron Gordon,PF,27,DEN,49,49,1483,323,550,.587,50,126,.397,273,424,.644,.633,152,244,.623,118,218,336,140,40,39,79,91,848,gordoaa01
162,Eric Gordon,SG,34,TOT,49,47,1466,215,493,.436,88,253,.348,127,240,.529,.525,117,143,.818,12,89,101,146,32,19,83,46,635,gordoer01
162,Eric Gordon,SG,34,HOU,47,47,1418,210,478,.439,85,245,.347,125,233,.536,.528,110,135,.815,12,85,97,136,30,17,83,45,615,gordoer01
162,Eric Gordon,SG,34,LAC,2,0,48,5,15,.333,3,8,.375,2,7,.286,.433,7,8,.875,0,4,4,10,2,2,0,1,20,gordoer01
163,Devonte' Graham,PG,27,TOT,57,0,922,105,287,.366,78,229,.341,27,58,.466,.502,54,71,.761,16,66,82,135,35,12,31,52,342,grahade01
163,Devonte' Graham,PG,27,NOP,53,0,811,85,231,.368,66,190,.347,19,41,.463,.511,44,59,.746,12,60,72,116,30,10,27,48,280,grahade01
163,Devonte' Graham,PG,27,SAS,4,0,111,20,56,.357,12,39,.308,8,17,.471,.464,10,12,.833,4,6,10,19,5,2,4,4,62,grahade01
164,Jerami Grant,PF,28,POR,54,54,1927,383,791,.484,123,303,.406,260,488,.533,.562,232,288,.806,46,188,234,125,43,44,97,130,1121,grantje01
165,A.J. Green,SG,23,MIL,26,0,244,42,92,.457,33,77,.429,9,15,.600,.636,4,4,1.000,4,24,28,12,5,0,7,24,121,greenaj01
166,Danny Green,SG,35,TOT,4,0,55,4,15,.267,4,11,.364,0,4,.000,.400,0,0,,1,4,5,2,2,0,3,6,12,greenda02
166,Danny Green,SG,35,MEM,3,0,43,3,11,.273,3,8,.375,0,3,.000,.409,0,0,,1,3,4,2,1,0,3,6,9,greenda02
166,Danny Green,SG,35,CLE,1,0,12,1,4,.250,1,3,.333,0,1,.000,.375,0,0,,0,1,1,0,1,0,0,0,3,greenda02
167,Draymond Green,PF,32,GSW,52,52,1646,168,321,.523,32,96,.333,136,225,.604,.573,56,80,.700,42,338,380,358,50,41,134,157,424,greendr01
168,Jalen Green,SG,20,HOU,54,54,1833,393,960,.409,137,412,.333,256,548,.467,.481,253,321,.788,30,186,216,195,41,13,154,90,1176,greenja05
169,JaMychal Green,PF,32,GSW,38,1,558,95,176,.540,26,73,.356,69,103,.670,.614,34,45,.756,52,97,149,36,18,13,42,77,250,greenja01
170,Javonte Green,SG,29,CHI,28,1,449,61,104,.587,13,34,.382,48,70,.686,.649,29,43,.674,25,57,82,23,22,20,20,47,164,greenja02
171,Jeff Green,PF,36,DEN,37,3,711,112,224,.500,15,62,.242,97,162,.599,.533,53,76,.697,25,68,93,44,15,9,34,71,292,greenje02
172,Josh Green,SG,22,DAL,40,9,995,132,242,.545,46,112,.411,86,130,.662,.640,59,82,.720,37,71,108,64,35,3,41,105,369,greenjo02
173,AJ Griffin,SF,19,ATL,55,11,1122,203,426,.477,82,208,.394,121,218,.555,.573,26,30,.867,25,89,114,55,38,7,33,67,514,griffaj01
174,Blake Griffin,C,33,BOS,26,12,375,47,92,.511,19,47,.404,28,45,.622,.614,15,24,.625,24,65,89,33,8,5,13,50,128,griffbl01
175,Quentin Grimes,SG,22,NYK,49,44,1479,175,393,.445,89,256,.348,86,137,.628,.559,56,70,.800,40,128,168,94,32,20,50,125,495,grimequ01
176,Rui Hachimura,PF,24,TOT,41,8,1016,203,421,.482,38,117,.325,165,304,.543,.527,64,91,.703,36,159,195,41,15,15,41,47,508,hachiru01
176,Rui Hachimura,PF,24,WAS,30,0,728,158,324,.488,30,89,.337,128,235,.545,.534,44,58,.759,19,109,128,35,11,12,36,39,390,hachiru01
176,Rui Hachimura,PF,24,LAL,11,8,288,45,97,.464,8,28,.286,37,69,.536,.505,20,33,.606,17,50,67,6,4,3,5,8,118,hachiru01
177,Tyrese Haliburton,PG,22,IND,48,48,1605,345,718,.481,138,346,.399,207,372,.556,.577,127,147,.864,32,149,181,483,84,19,126,56,955,halibty01
178,Jordan Hall,SF,21,SAS,9,0,83,9,28,.321,3,15,.200,6,13,.462,.375,7,9,.778,3,9,12,11,1,0,7,6,28,halljo02
179,R.J. Hampton,PG,21,ORL,26,0,361,50,114,.439,18,53,.340,32,61,.525,.518,31,37,.838,9,30,39,34,16,4,21,22,149,hamptrj01
180,Tim Hardaway Jr.,SG,30,DAL,54,37,1633,249,661,.377,150,425,.353,99,236,.419,.490,94,125,.752,19,179,198,94,41,7,47,86,742,hardati02
181,James Harden,PG,33,PHI,41,41,1494,268,594,.451,115,296,.389,153,298,.513,.548,227,263,.863,22,231,253,444,49,24,139,84,878,hardeja01
182,Jaden Hardy,SG,20,DAL,31,0,367,68,161,.422,24,71,.338,44,90,.489,.497,42,48,.875,2,41,43,25,9,3,26,41,202,hardyja02
183,Ron Harper Jr.,SF,22,TOR,3,0,9,3,5,.600,2,3,.667,1,2,.500,.800,0,0,,1,1,2,0,0,0,0,0,8,harpero02
184,Montrezl Harrell,C,29,PHI,50,7,624,112,185,.605,0,2,.000,112,183,.612,.605,59,85,.694,60,78,138,31,16,25,31,74,283,harremo01
185,Gary Harris,SG,28,ORL,30,24,735,91,187,.487,55,119,.462,36,68,.529,.634,23,26,.885,13,51,64,36,27,5,21,62,260,harriga01
186,Joe Harris,SG,31,BRK,51,32,1215,159,344,.462,104,246,.423,55,98,.561,.613,15,24,.625,19,115,134,83,26,13,32,124,437,harrijo01
187,Kevon Harris,SG,25,ORL,27,0,336,32,77,.416,11,28,.393,21,49,.429,.487,22,27,.815,23,30,53,12,13,3,16,36,97,harrike01
188,Tobias Harris,PF,30,PHI,53,53,1779,325,655,.496,93,249,.373,232,406,.571,.567,71,82,.866,51,265,316,137,54,29,67,105,814,harrito02
189,Josh Hart,SF-SG,27,TOT,54,51,1782,201,392,.513,43,126,.341,158,266,.594,.568,93,127,.732,100,333,433,208,59,10,81,143,538,hartjo01
189,Josh Hart,SF,27,POR,51,51,1704,183,363,.504,34,112,.304,149,251,.594,.551,87,119,.731,95,322,417,200,54,9,79,133,487,hartjo01
189,Josh Hart,SG,27,NYK,3,0,78,18,29,.621,9,14,.643,9,15,.600,.776,6,8,.750,5,11,16,8,5,1,2,10,51,hartjo01
190,Isaiah Hartenstein,C,24,NYK,60,7,1181,132,255,.518,8,34,.235,124,221,.561,.533,40,53,.755,168,228,396,52,34,50,49,152,312,harteis01
191,Udonis Haslem,C,42,MIA,6,1,46,1,12,.083,0,2,.000,1,10,.100,.083,1,2,.500,4,4,8,0,1,1,0,8,3,hasleud01
192,Sam Hauser,PF,25,BOS,57,4,903,127,281,.452,97,234,.415,30,47,.638,.625,10,15,.667,25,124,149,42,17,12,19,73,361,hausesa01
193,Jaxson Hayes,C,22,NOP,33,2,438,60,113,.531,3,25,.120,57,88,.648,.544,41,61,.672,31,66,97,24,13,11,20,44,164,hayesja02
194,Killian Hayes,PG,21,DET,55,36,1471,209,562,.372,65,213,.305,144,349,.413,.430,42,53,.792,19,131,150,320,72,18,110,163,525,hayeski01
195,Gordon Hayward,SF,32,CHO,34,34,1059,176,381,.462,35,111,.315,141,270,.522,.508,86,106,.811,24,119,143,123,30,7,63,45,473,haywago01
196,Juancho Hernangómez,PF,27,TOR,41,10,609,48,113,.425,17,66,.258,31,47,.660,.500,9,16,.563,27,95,122,24,16,6,15,43,122,hernaju01
197,Willy Hernangómez,C,28,NOP,29,0,372,75,140,.536,1,9,.111,74,131,.565,.539,67,85,.788,50,96,146,27,9,12,31,51,218,hernawi01
198,Tyler Herro,SG,23,MIA,45,45,1595,337,771,.437,135,366,.369,202,405,.499,.525,118,128,.922,21,237,258,199,39,14,112,76,927,herroty01
199,Buddy Hield,SF,30,IND,60,60,1921,371,819,.453,230,540,.426,141,279,.505,.593,80,92,.870,52,243,295,163,68,19,112,118,1052,hieldbu01
200,Haywood Highsmith,SF,26,MIA,43,9,847,80,187,.428,35,98,.357,45,89,.506,.521,11,24,.458,46,115,161,30,33,15,35,70,206,highsha01
201,George Hill,PG,36,TOT,36,0,678,59,132,.447,23,74,.311,36,58,.621,.534,34,46,.739,13,54,67,89,20,3,27,41,175,hillge01
201,George Hill,PG,36,MIL,35,0,668,59,132,.447,23,74,.311,36,58,.621,.534,34,46,.739,13,54,67,89,19,3,27,41,175,hillge01
201,George Hill,PG,36,IND,1,0,10,0,0,,0,0,,0,0,,,0,0,,0,0,0,0,1,0,0,0,0,hillge01
202,Malcolm Hill,SF,27,CHI,5,0,9,2,4,.500,1,3,.333,1,1,1.000,.625,0,0,,0,3,3,0,0,0,0,1,5,hillma01
203,Aaron Holiday,PG,26,ATL,50,5,725,78,187,.417,31,75,.413,47,112,.420,.500,24,28,.857,21,45,66,65,27,10,29,68,211,holidaa01
204,Jrue Holiday,PG,32,MIL,47,45,1552,345,747,.462,112,297,.377,233,450,.518,.537,112,129,.868,60,186,246,336,61,17,144,90,914,holidjr01
205,Justin Holiday,SG,33,ATL,28,0,411,48,125,.384,30,87,.345,18,38,.474,.504,0,0,,2,21,23,25,5,10,12,37,126,holidju01
206,Richaun Holmes,C,29,SAC,33,1,301,47,69,.681,3,4,.750,44,65,.677,.703,12,15,.800,24,47,71,5,3,11,12,45,109,holmeri01
207,Al Horford,C,36,BOS,45,45,1381,156,336,.464,92,218,.422,64,118,.542,.601,13,18,.722,53,227,280,119,22,41,28,85,417,horfoal01
208,Talen Horton-Tucker,SG,22,UTA,46,1,760,130,320,.406,31,119,.261,99,201,.493,.455,61,83,.735,21,93,114,132,28,19,56,68,352,hortota01
209,Danuel House Jr.,SF,29,PHI,37,2,546,55,120,.458,24,72,.333,31,48,.646,.558,28,40,.700,8,57,65,25,8,7,16,44,162,houseda01
210,Caleb Houstan,SF,20,ORL,34,2,549,50,122,.410,33,85,.388,17,37,.459,.545,11,13,.846,24,52,76,18,7,3,12,49,144,houstca01
211,Trevor Hudgins,PG,23,HOU,4,0,27,2,9,.222,2,8,.250,0,1,.000,.333,3,3,1.000,0,0,0,3,0,0,1,1,9,hudgitr01
212,Kevin Huerter,SG,24,SAC,54,54,1648,295,617,.478,143,365,.392,152,252,.603,.594,72,103,.699,32,150,182,158,60,18,75,136,805,huertke01
213,De'Andre Hunter,SF,25,ATL,49,49,1567,280,609,.460,78,217,.359,202,392,.515,.524,141,170,.829,32,183,215,70,27,10,61,147,779,huntede01
214,Bones Hyland,PG,22,TOT,44,1,852,177,444,.399,93,245,.380,84,199,.422,.503,76,89,.854,13,80,93,128,30,13,70,72,523,hylanbo01
214,Bones Hyland,PG,22,DEN,42,1,820,173,434,.399,91,241,.378,82,193,.425,.503,71,82,.866,10,76,86,125,28,13,67,66,508,hylanbo01
214,Bones Hyland,PG,22,LAC,2,0,32,4,10,.400,2,4,.500,2,6,.333,.500,5,7,.714,3,4,7,3,2,0,3,6,15,hylanbo01
215,Serge Ibaka,C,33,MIL,16,0,185,26,54,.481,6,18,.333,20,36,.556,.537,8,13,.615,15,29,44,4,2,7,11,23,66,ibakase01
216,Andre Iguodala,SF,39,GSW,3,0,42,3,4,.750,1,2,.500,2,2,1.000,.875,0,0,,1,6,7,5,1,1,5,5,7,iguodan01
217,Joe Ingles,SF,35,MIL,25,0,563,53,140,.379,38,111,.342,15,29,.517,.514,11,13,.846,8,64,72,81,14,3,29,40,155,inglejo01
218,Brandon Ingram,SF,25,NOP,24,24,772,194,414,.469,37,91,.407,157,323,.486,.513,113,129,.876,11,108,119,117,18,12,79,61,538,ingrabr01
219,Kyrie Irving,PG,30,TOT,44,44,1632,438,894,.490,145,383,.379,293,511,.573,.571,176,197,.893,44,179,223,239,46,36,101,121,1197,irvinky01
219,Kyrie Irving,PG,30,BRK,40,40,1478,398,819,.486,130,348,.374,268,471,.569,.565,158,179,.883,38,166,204,211,41,33,91,109,1084,irvinky01
219,Kyrie Irving,PG,30,DAL,4,4,154,40,75,.533,15,35,.429,25,40,.625,.633,18,18,1.000,6,13,19,28,5,3,10,12,113,irvinky01
220,Jonathan Isaac,PF,25,ORL,10,0,108,18,47,.383,4,12,.333,14,35,.400,.426,5,9,.556,14,23,37,5,12,3,2,4,45,isaacjo01
221,Jaden Ivey,SG,20,DET,55,54,1653,285,678,.420,76,229,.332,209,449,.465,.476,192,265,.725,55,162,217,253,51,13,156,172,838,iveyja01
222,Isaiah Jackson,C,21,IND,45,5,689,118,206,.573,2,12,.167,116,194,.598,.578,68,105,.648,63,112,175,40,19,66,39,99,306,jacksis01
223,Jaren Jackson Jr.,C,23,MEM,40,40,1088,242,482,.502,62,174,.356,180,308,.584,.566,131,169,.775,69,198,267,35,44,131,63,135,677,jacksja02
224,Justin Jackson,SF,27,BOS,23,0,107,7,27,.259,5,20,.250,2,7,.286,.352,1,2,.500,2,15,17,9,4,4,2,7,20,jacksju01
225,Quenton Jackson,PG,24,WAS,3,0,8,2,3,.667,1,2,.500,1,1,1.000,.833,0,0,,1,0,1,1,0,0,0,1,5,jacksqu01
226,Reggie Jackson,PG,32,LAC,52,38,1338,214,512,.418,77,220,.350,137,292,.469,.493,61,66,.924,22,94,116,183,38,5,96,92,566,jacksre01
227,LeBron James,PF,38,LAL,45,45,1632,517,1018,.508,97,313,.310,420,705,.596,.556,218,286,.762,51,328,379,315,43,25,142,73,1349,jamesle01
228,Ty Jerome,SG,25,GSW,36,2,642,99,193,.513,29,71,.408,70,122,.574,.588,32,35,.914,5,54,59,105,17,5,23,52,259,jeromty01
229,Isaiah Joe,SG,23,OKC,49,2,771,132,282,.468,104,230,.452,28,52,.538,.652,41,49,.837,17,92,109,53,29,6,21,66,409,joeis01
230,Alize Johnson,PF,26,SAS,4,0,30,3,6,.500,0,2,.000,3,4,.750,.500,1,2,.500,2,8,10,1,1,0,4,3,7,johnsal02
231,Cameron Johnson,PF,26,TOT,20,19,518,97,210,.462,52,123,.423,45,87,.517,.586,34,43,.791,15,62,77,33,19,7,10,35,280,johnsca02
231,Cameron Johnson,PF,26,PHO,17,16,429,82,173,.474,45,99,.455,37,74,.500,.604,27,33,.818,14,51,65,26,15,6,10,29,236,johnsca02
231,Cameron Johnson,PF,26,BRK,3,3,89,15,37,.405,7,24,.292,8,13,.615,.500,7,10,.700,1,11,12,7,4,1,0,6,44,johnsca02
232,Jalen Johnson,SF,21,ATL,55,6,790,112,235,.477,23,81,.284,89,154,.578,.526,40,61,.656,41,172,213,50,25,24,27,78,287,johnsja05
233,James Johnson,PF,35,IND,12,1,98,10,27,.370,3,10,.300,7,17,.412,.426,3,4,.750,2,14,16,7,4,5,5,24,26,johnsja01
234,Keldon Johnson,SF,23,SAS,52,52,1695,403,907,.444,113,344,.328,290,563,.515,.507,217,279,.778,45,201,246,140,37,9,108,99,1136,johnske04
235,Keon Johnson,SG,20,POR,28,0,274,43,119,.361,19,56,.339,24,63,.381,.441,9,17,.529,7,27,34,26,12,4,27,30,114,johnske07
236,Stanley Johnson,SF,26,SAS,30,0,469,65,122,.533,18,40,.450,47,82,.573,.607,26,39,.667,22,73,95,67,16,6,33,48,174,johnsst04
237,Nikola Jokić,C,27,DEN,51,51,1714,480,759,.632,43,110,.391,437,649,.673,.661,258,314,.822,105,479,584,515,65,36,181,134,1261,jokicni01
238,Carlik Jones,PG,25,CHI,2,0,23,1,5,.200,0,1,.000,1,4,.250,.200,1,4,.250,1,2,3,2,0,0,1,1,3,jonesca03
239,Damian Jones,C,27,TOT,23,1,184,23,41,.561,0,3,.000,23,38,.605,.561,16,22,.727,18,39,57,4,3,14,9,20,62,jonesda03
239,Damian Jones,C,27,LAL,22,1,176,20,37,.541,0,3,.000,20,34,.588,.541,15,20,.750,18,37,55,4,3,12,9,17,55,jonesda03
239,Damian Jones,C,27,UTA,1,0,8,3,4,.750,0,0,,3,4,.750,.750,1,2,.500,0,2,2,0,0,2,0,3,7,jonesda03
240,Derrick Jones Jr.,SF,25,CHI,46,0,698,88,173,.509,18,54,.333,70,119,.588,.561,54,68,.794,47,74,121,28,22,30,20,69,248,jonesde02
241,Herbert Jones,SF,24,NOP,43,43,1239,147,333,.441,32,113,.283,115,220,.523,.489,89,119,.748,59,105,164,93,72,28,56,141,415,joneshe01
242,Kai Jones,C,22,CHO,27,0,237,31,59,.525,3,11,.273,28,48,.583,.551,8,12,.667,20,32,52,5,5,11,9,30,73,joneska01
243,Tre Jones,PG,23,SAS,52,52,1524,257,589,.436,35,132,.265,222,457,.486,.466,114,128,.891,43,144,187,325,69,8,91,75,663,jonestr01
244,Tyus Jones,PG,26,MEM,57,9,1319,210,487,.431,81,218,.372,129,269,.480,.514,58,72,.806,22,105,127,258,59,4,53,24,559,jonesty01
245,DeAndre Jordan,C,34,DEN,34,5,498,74,96,.771,1,1,1.000,73,95,.768,.776,18,41,.439,41,126,167,31,8,22,42,65,167,jordade01
246,Cory Joseph,PG,31,DET,40,2,633,67,172,.390,25,79,.316,42,93,.452,.462,28,37,.757,10,42,52,132,17,5,30,58,187,josepco01
247,Nikola Jović,PF,19,MIA,15,8,204,28,69,.406,8,35,.229,20,34,.588,.464,18,19,.947,9,22,31,10,7,2,10,19,82,jovicni01
248,Mfiondu Kabengele,PF,25,BOS,2,0,14,1,2,.500,0,1,.000,1,1,1.000,.500,0,0,,3,2,5,0,0,0,1,3,2,kabenmf01
249,Frank Kaminsky,C,29,TOT,28,0,196,26,50,.520,11,26,.423,15,24,.625,.630,12,14,.857,4,36,40,27,5,3,9,22,75,kaminfr01
249,Frank Kaminsky,C,29,ATL,26,0,176,25,44,.568,11,23,.478,14,21,.667,.693,10,12,.833,3,33,36,21,5,1,9,21,71,kaminfr01
249,Frank Kaminsky,C,29,HOU,2,0,20,1,6,.167,0,3,.000,1,3,.333,.167,2,2,1.000,1,3,4,6,0,2,0,1,4,kaminfr01
250,Trevor Keels,SG,19,NYK,1,0,1,0,1,.000,0,1,.000,0,0,,.000,0,0,,0,1,1,0,0,0,0,0,0,keelstr01
251,Luke Kennard,SG,26,TOT,37,11,767,101,219,.461,62,138,.449,39,81,.481,.603,23,24,.958,7,79,86,40,19,4,30,53,287,kennalu01
251,Luke Kennard,SG,26,LAC,35,11,725,98,211,.464,59,132,.447,39,79,.494,.604,19,20,.950,6,77,83,37,19,4,30,47,274,kennalu01
251,Luke Kennard,SG,26,MEM,2,0,42,3,8,.375,3,6,.500,0,2,.000,.563,4,4,1.000,1,2,3,3,0,0,0,6,13,kennalu01
252,Walker Kessler,C,21,UTA,57,23,1212,203,285,.712,0,0,,203,285,.712,.712,62,114,.544,166,271,437,43,23,117,46,129,468,kesslwa01
253,Braxton Key,SF,25,DET,3,0,9,1,1,1.000,0,0,,1,1,1.000,1.000,2,2,1.000,0,1,1,0,0,0,0,0,4,keybr01
254,Corey Kispert,SF,23,WAS,50,32,1360,165,344,.480,93,224,.415,72,120,.600,.615,51,59,.864,20,115,135,62,29,6,39,67,474,kispeco01
255,Maxi Kleber,C,31,DAL,22,0,564,51,104,.490,24,65,.369,27,39,.692,.606,11,14,.786,19,59,78,21,7,22,13,48,137,klebima01
256,Nathan Knight,PF,25,MIN,33,0,268,42,74,.568,8,21,.381,34,53,.642,.622,35,51,.686,20,30,50,13,9,5,18,35,127,knighna01
257,Kevin Knox,PF-SF,23,TOT,44,1,607,85,182,.467,43,118,.364,42,64,.656,.585,28,35,.800,22,89,111,15,14,12,32,77,241,knoxke01
257,Kevin Knox,PF,23,DET,42,1,593,84,179,.469,43,116,.371,41,63,.651,.589,26,33,.788,20,88,108,15,14,12,32,74,237,knoxke01
257,Kevin Knox,SF,23,POR,2,0,14,1,3,.333,0,2,.000,1,1,1.000,.333,2,2,1.000,2,1,3,0,0,0,0,3,4,knoxke01
258,Christian Koloko,C,22,TOR,45,19,658,61,125,.488,1,9,.111,60,116,.517,.492,35,53,.660,70,76,146,22,13,48,18,110,158,kolokch01
259,John Konchar,SG,26,MEM,49,22,1097,108,249,.434,52,140,.371,56,109,.514,.538,20,23,.870,43,188,231,70,50,13,29,73,288,konchjo01
260,Furkan Korkmaz,SG,25,PHI,25,0,255,32,78,.410,12,35,.343,20,43,.465,.487,19,29,.655,6,23,29,18,6,3,15,10,95,korkmfu01
261,Luke Kornet,C,27,BOS,51,0,605,85,122,.697,3,9,.333,82,113,.726,.709,29,34,.853,64,84,148,36,10,40,19,69,202,kornelu01
262,Vit Krejci,PG,22,ATL,21,0,120,11,29,.379,5,18,.278,6,11,.545,.466,1,2,.500,2,12,14,12,3,1,4,11,28,krejcvi01
263,Jonathan Kuminga,PF,20,GSW,46,8,886,150,303,.495,32,96,.333,118,207,.570,.548,56,87,.644,41,100,141,81,22,20,67,106,388,kuminjo01
264,Kyle Kuzma,PF,27,WAS,53,53,1851,428,948,.451,136,403,.337,292,545,.536,.523,141,196,.719,51,351,402,207,26,26,156,123,1133,kuzmaky01
265,Anthony Lamb,SF,25,GSW,43,3,837,112,221,.507,58,145,.400,54,76,.711,.638,28,39,.718,33,106,139,73,22,11,42,99,310,lamban01
266,Jock Landale,C,27,PHO,51,3,721,127,246,.516,17,74,.230,110,172,.640,.551,64,82,.780,85,119,204,46,13,23,47,92,335,landajo01
267,Romeo Langford,SG,23,SAS,32,19,646,100,204,.490,13,46,.283,87,158,.551,.522,24,37,.649,46,46,92,43,16,11,22,55,237,langfro01
268,Jake LaRavia,PF,21,MEM,30,0,381,34,86,.395,21,62,.339,13,24,.542,.517,7,9,.778,16,43,59,21,12,4,18,47,96,laravja01
269,Zach LaVine,SG,27,CHI,55,55,1982,457,982,.465,150,407,.369,307,575,.534,.542,255,305,.836,29,240,269,224,54,11,145,127,1319,lavinza01
270,A.J. Lawson,SG,22,TOT,13,0,63,13,26,.500,7,16,.438,6,10,.600,.635,1,3,.333,2,8,10,1,1,0,1,8,34,lawsoaj01
270,A.J. Lawson,SG,22,MIN,1,0,2,1,1,1.000,0,0,,1,1,1.000,1.000,0,0,,0,1,1,0,0,0,0,1,2,lawsoaj01
270,A.J. Lawson,SG,22,DAL,12,0,61,12,25,.480,7,16,.438,5,9,.556,.620,1,3,.333,2,7,9,1,1,0,1,7,32,lawsoaj01
271,Damion Lee,SG,30,PHO,60,5,1324,172,392,.439,98,223,.439,74,169,.438,.564,86,95,.905,28,164,192,91,28,6,70,98,528,leeda03
272,Saben Lee,PG,23,TOT,20,0,294,37,84,.440,7,19,.368,30,65,.462,.482,34,45,.756,10,26,36,54,15,1,23,27,115,leesa01
272,Saben Lee,PG,23,PHI,2,0,10,3,4,.750,0,1,.000,3,3,1.000,.750,0,0,,0,0,0,2,1,0,3,1,6,leesa01
272,Saben Lee,PG,23,PHO,18,0,284,34,80,.425,7,18,.389,27,62,.435,.469,34,45,.756,10,26,36,52,14,1,20,26,109,leesa01
273,Alex Len,C,29,SAC,13,1,46,5,10,.500,0,1,.000,5,9,.556,.500,3,4,.750,4,11,15,5,0,0,4,9,13,lenal01
274,Kawhi Leonard,SF,31,LAC,34,32,1101,274,551,.497,57,150,.380,217,401,.541,.549,147,169,.870,42,169,211,137,47,18,51,48,752,leonaka01
275,Caris LeVert,SG,28,CLE,55,26,1674,236,575,.410,86,236,.364,150,339,.442,.485,101,141,.716,40,177,217,216,47,13,92,124,659,leverca01
276,Kira Lewis Jr.,PG,21,NOP,14,0,155,28,59,.475,8,20,.400,20,39,.513,.542,12,13,.923,4,24,28,15,4,1,8,16,76,lewiski01
277,Damian Lillard,PG,32,POR,46,46,1665,435,931,.467,191,513,.372,244,418,.584,.570,384,419,.916,29,169,198,334,38,14,147,89,1445,lillada01
278,Nassir Little,SF,22,POR,37,1,620,81,174,.466,38,96,.396,43,78,.551,.575,20,32,.625,18,72,90,34,11,12,21,38,220,littlna01
279,Isaiah Livers,PF,24,DET,37,9,782,67,168,.399,46,129,.357,21,39,.538,.536,22,28,.786,19,69,88,23,19,20,22,72,202,liveris01
280,Kenneth Lofton Jr.,PF,20,MEM,8,0,31,7,18,.389,0,3,.000,7,15,.467,.389,3,5,.600,1,4,5,4,0,0,2,5,17,loftoke01
281,Kevon Looney,C,26,GSW,58,52,1354,166,253,.656,0,0,,166,253,.656,.656,64,104,.615,176,334,510,148,32,33,28,162,396,looneke01
282,Brook Lopez,C,34,MIL,57,57,1729,315,621,.507,104,278,.374,211,343,.615,.591,94,122,.770,111,260,371,70,27,139,77,145,828,lopezbr01
283,Robin Lopez,C,34,CLE,30,1,238,36,56,.643,2,3,.667,34,53,.642,.661,12,16,.750,19,21,40,13,1,4,20,33,86,lopezro01
284,Kevin Love,PF,34,CLE,41,3,821,111,285,.389,69,195,.354,42,90,.467,.511,56,63,.889,42,238,280,76,7,7,47,65,347,loveke01
285,Kyle Lowry,PG,36,MIA,44,44,1464,169,427,.396,90,270,.333,79,157,.503,.501,100,117,.855,38,152,190,232,49,17,87,121,528,lowryky01
286,Trey Lyles,PF,27,SAC,51,0,811,124,265,.468,55,151,.364,69,114,.605,.572,65,79,.823,46,138,184,42,17,24,41,60,368,lylestr01
287,Théo Maledon,PG,21,CHO,36,1,581,65,157,.414,21,63,.333,44,94,.468,.481,49,56,.875,9,77,86,86,27,6,35,37,200,maledth01
288,Sandro Mamukelashvili,C,23,MIL,24,0,217,19,58,.328,7,32,.219,12,26,.462,.388,12,18,.667,18,38,56,16,4,5,9,19,57,mamuksa01
289,Terance Mann,SG,26,LAC,60,35,1412,213,407,.523,58,148,.392,155,259,.598,.595,68,88,.773,57,168,225,130,32,19,57,108,552,mannte01
290,Tre Mann,PG,21,OKC,51,4,938,158,402,.393,66,213,.310,92,189,.487,.475,26,38,.684,20,95,115,79,33,10,49,78,408,manntr01
291,Boban Marjanović,C,34,HOU,19,0,83,21,32,.656,0,1,.000,21,31,.677,.656,14,17,.824,9,20,29,4,1,1,5,3,56,marjabo01
292,Lauri Markkanen,SF,25,UTA,54,54,1851,454,886,.512,164,398,.412,290,488,.594,.605,270,308,.877,97,367,464,98,34,34,98,112,1342,markkla01
293,Naji Marshall,SF,25,NOP,54,19,1345,183,428,.428,54,170,.318,129,258,.500,.491,103,133,.774,37,163,200,136,45,13,69,84,523,marshna01
294,Caleb Martin,PF,27,MIA,49,49,1485,187,412,.454,65,180,.361,122,232,.526,.533,55,72,.764,69,187,256,79,51,20,56,108,494,martica02
295,Cody Martin,SF,27,CHO,7,0,134,14,36,.389,3,14,.214,11,22,.500,.431,4,7,.571,8,16,24,11,4,1,2,13,35,martico01
296,Kenyon Martin Jr.,SF,22,HOU,58,25,1526,266,475,.560,51,156,.327,215,319,.674,.614,90,141,.638,87,235,322,88,26,23,68,101,673,martike04
297,Tyrese Martin,SG,23,ATL,13,0,45,6,16,.375,1,5,.200,5,11,.455,.406,2,2,1.000,2,4,6,0,1,0,1,2,15,martity01
298,Garrison Mathews,SG,26,TOT,46,0,606,61,171,.357,54,156,.346,7,15,.467,.515,41,45,.911,10,53,63,23,23,4,18,56,217,mathega01
298,Garrison Mathews,SG,26,HOU,45,0,602,60,170,.353,53,155,.342,7,15,.467,.509,41,45,.911,10,52,62,23,23,4,18,56,214,mathega01
298,Garrison Mathews,SG,26,ATL,1,0,4,1,1,1.000,1,1,1.000,0,0,,1.500,0,0,,0,1,1,0,0,0,0,0,3,mathega01
299,Bennedict Mathurin,SF,20,IND,60,6,1693,327,763,.429,83,260,.319,244,503,.485,.483,296,357,.829,66,180,246,85,36,6,110,121,1033,mathube01
300,Wesley Matthews,SG,36,MIL,39,0,608,39,118,.331,31,95,.326,8,23,.348,.462,17,20,.850,30,57,87,20,17,10,15,55,126,matthwe02
301,Tyrese Maxey,SG,22,PHI,38,22,1245,270,593,.455,89,226,.394,181,367,.493,.530,122,151,.808,17,91,108,137,32,5,56,81,751,maxeyty01
302,Miles McBride,PG,22,NYK,47,2,592,55,163,.337,30,104,.288,25,59,.424,.429,22,32,.688,10,30,40,56,26,2,21,45,162,mcbrimi01
303,CJ McCollum,SG,31,NOP,52,52,1820,411,944,.435,148,384,.385,263,560,.470,.514,129,162,.796,39,187,226,307,51,31,137,100,1099,mccolcj01
304,T.J. McConnell,PG,30,IND,57,6,1119,190,364,.522,18,41,.439,172,323,.533,.547,41,48,.854,33,133,166,284,58,5,102,74,439,mccontj01
305,Jaden McDaniels,PF,22,MIN,58,58,1770,258,501,.515,72,187,.385,186,314,.592,.587,74,100,.740,75,150,225,118,55,57,84,202,662,mcdanja02
306,Jalen McDaniels,SF,25,TOT,59,21,1550,228,508,.449,67,205,.327,161,303,.531,.515,89,105,.848,48,235,283,115,67,29,80,165,612,mcdanja01
306,Jalen McDaniels,SF,25,CHO,56,21,1494,221,494,.447,65,202,.322,156,292,.534,.513,88,104,.846,44,226,270,111,66,29,80,158,595,mcdanja01
306,Jalen McDaniels,SF,25,PHI,3,0,56,7,14,.500,2,3,.667,5,11,.455,.571,1,1,1.000,4,9,13,4,1,0,0,7,17,mcdanja01
307,Doug McDermott,SF,31,SAS,51,0,1043,188,407,.462,95,228,.417,93,179,.520,.579,38,51,.745,16,96,112,74,9,6,48,89,509,mcderdo01
308,JaVale McGee,C,35,DAL,36,7,293,64,106,.604,1,4,.250,63,102,.618,.608,18,32,.563,28,65,93,10,4,21,31,43,147,mcgeeja01
309,Bryce McGowens,SG,20,CHO,26,1,382,36,95,.379,12,33,.364,24,62,.387,.442,22,28,.786,9,35,44,27,7,4,15,21,106,mcgowbr01
310,Rodney McGruder,SG,31,DET,21,2,217,22,57,.386,16,41,.390,6,16,.375,.526,8,11,.727,11,17,28,14,5,0,7,15,68,mcgruro01
311,Jordan McLaughlin,PG,26,MIN,24,0,367,33,81,.407,9,41,.220,24,40,.600,.463,9,9,1.000,13,25,38,76,19,2,19,11,84,mclaujo01
312,De'Anthony Melton,PG,24,PHI,54,45,1537,207,484,.428,118,294,.401,89,190,.468,.550,45,57,.789,52,174,226,145,93,29,75,133,577,meltode01
313,Chimezie Metu,C,25,SAC,44,0,476,91,150,.607,8,31,.258,83,119,.697,.633,30,37,.811,32,100,132,31,12,14,26,57,220,metuch01
314,Khris Middleton,SF,31,MIL,17,7,364,83,197,.421,24,83,.289,59,114,.518,.482,41,44,.932,10,55,65,67,11,3,34,36,231,middlkh01
315,Patty Mills,PG,34,BRK,36,1,479,73,177,.412,42,114,.368,31,63,.492,.531,19,21,.905,7,28,35,48,13,2,22,27,207,millspa02
316,Shake Milton,SG,26,PHI,53,9,1138,186,375,.496,41,106,.387,145,269,.539,.551,76,89,.854,27,118,145,159,18,9,72,87,489,miltosh01
317,Josh Minott,SF,20,MIN,11,0,68,14,27,.519,1,4,.250,13,23,.565,.537,6,6,1.000,5,17,22,3,3,6,0,7,35,minotjo01
318,Davion Mitchell,PG,24,SAC,56,5,999,125,281,.445,42,132,.318,83,149,.557,.520,20,25,.800,12,63,75,118,28,11,46,78,312,mitchda01
319,Donovan Mitchell,SG,26,CLE,50,50,1776,475,990,.480,182,470,.387,293,520,.563,.572,233,267,.873,47,156,203,243,74,20,137,116,1365,mitchdo01
320,Evan Mobley,PF,21,CLE,59,59,2016,381,691,.551,14,72,.194,367,619,.593,.562,152,219,.694,140,386,526,158,46,80,120,168,928,mobleev01
321,Isaiah Mobley,PF,23,CLE,9,0,26,4,8,.500,1,2,.500,3,6,.500,.563,0,0,,1,10,11,0,1,0,0,2,9,mobleis01
322,Chima Moneke,SF,27,SAC,2,0,8,1,2,.500,0,0,,1,2,.500,.500,0,2,.000,2,0,2,1,0,0,2,2,2,monekch01
323,Malik Monk,SG,24,SAC,54,0,1219,255,575,.443,90,274,.328,165,301,.548,.522,126,138,.913,27,113,140,209,36,13,107,85,726,monkma01
324,Moses Moody,SG,20,GSW,44,3,627,76,172,.442,37,107,.346,39,65,.600,.549,27,39,.692,20,53,73,40,15,5,27,37,216,moodymo01
325,Wendell Moore Jr.,SG,21,MIN,24,2,139,15,37,.405,2,16,.125,13,21,.619,.432,4,5,.800,2,14,16,16,6,5,8,13,36,moorewe01
326,Ja Morant,PG,23,MEM,48,48,1572,466,999,.466,81,253,.320,385,746,.516,.507,299,406,.736,56,230,286,398,50,13,167,84,1312,moranja01
327,Marcus Morris,PF,33,LAC,53,53,1519,243,565,.430,104,274,.380,139,291,.478,.522,64,82,.780,24,200,224,97,33,21,45,116,654,morrima03
328,Markieff Morris,PF,33,BRK,27,1,285,33,82,.402,20,49,.408,13,33,.394,.524,10,10,1.000,13,46,59,25,8,5,14,33,96,morrima02
329,Monte Morris,PG,27,WAS,50,50,1406,198,412,.481,67,167,.401,131,245,.535,.562,54,67,.806,20,151,171,267,36,8,49,67,517,morrimo01
330,Trey Murphy III,SF,22,NOP,56,46,1643,249,518,.481,124,312,.397,125,206,.607,.600,102,112,.911,43,162,205,71,56,29,45,116,724,murphtr02
331,Dejounte Murray,SG,26,ATL,54,54,1972,449,971,.462,110,303,.363,339,668,.507,.519,112,134,.836,38,259,297,328,83,18,121,79,1120,murrade01
332,Jamal Murray,PG,25,DEN,45,45,1464,331,718,.461,108,273,.396,223,445,.501,.536,140,168,.833,35,151,186,261,43,9,94,60,910,murraja01
333,Keegan Murray,SF,22,SAC,55,53,1625,233,527,.442,137,330,.415,96,197,.487,.572,50,63,.794,61,192,253,59,40,29,49,105,653,murrake02
334,Mike Muscala,C,31,TOT,46,6,698,104,234,.444,65,165,.394,39,69,.565,.583,32,41,.780,24,125,149,40,12,20,16,76,305,muscami01
334,Mike Muscala,C,31,OKC,43,5,622,89,203,.438,56,142,.394,33,61,.541,.576,31,39,.795,23,112,135,38,11,19,14,70,265,muscami01
334,Mike Muscala,C,31,BOS,3,1,76,15,31,.484,9,23,.391,6,8,.750,.629,1,2,.500,1,13,14,2,1,1,2,6,40,muscami01
335,Svi Mykhailiuk,SF,25,TOT,14,0,65,11,24,.458,8,16,.500,3,8,.375,.625,3,6,.500,1,8,9,1,1,0,3,2,33,mykhasv01
335,Svi Mykhailiuk,SF,25,NYK,13,0,40,6,12,.500,6,10,.600,0,2,.000,.750,3,5,.600,0,7,7,1,1,0,2,1,21,mykhasv01
335,Svi Mykhailiuk,SF,25,CHO,1,0,25,5,12,.417,2,6,.333,3,6,.500,.500,0,1,.000,1,1,2,0,0,0,1,1,12,mykhasv01
336,Larry Nance Jr.,PF,30,NOP,48,1,1089,161,260,.619,13,37,.351,148,223,.664,.644,47,69,.681,87,201,288,92,44,34,36,104,382,nancela02
337,Andrew Nembhard,SG,23,IND,53,41,1435,170,401,.424,62,183,.339,108,218,.495,.501,26,30,.867,27,120,147,220,53,10,91,140,428,nembhan01
338,Aaron Nesmith,SF,23,IND,53,41,1300,178,426,.418,81,227,.357,97,199,.487,.513,84,97,.866,43,156,199,65,41,23,49,180,521,nesmiaa01
339,Raul Neto,PG,30,CLE,39,1,403,43,84,.512,11,35,.314,32,49,.653,.577,23,25,.920,6,30,36,54,16,3,14,34,120,netora01
340,Georges Niang,PF,29,PHI,55,0,1089,169,378,.447,119,291,.409,50,87,.575,.604,28,32,.875,17,120,137,63,22,11,40,103,485,niangge01
341,Daishen Nix,PG,20,HOU,41,5,636,50,145,.345,29,94,.309,21,51,.412,.445,22,31,.710,12,59,71,104,26,6,58,40,151,nixda01
342,Zeke Nnaji,PF,22,DEN,44,5,584,87,152,.572,13,45,.289,74,107,.692,.615,36,54,.667,56,46,102,11,15,19,20,81,223,nnajize01
343,Nerlens Noel,C,28,DET,14,3,152,12,30,.400,1,2,.500,11,28,.393,.417,7,10,.700,7,30,37,7,13,9,8,25,32,noelne01
344,Jaylen Nowell,SG,23,MIN,61,2,1201,266,595,.447,66,223,.296,200,372,.538,.503,76,97,.784,33,130,163,124,39,4,61,92,674,nowelja01
345,Frank Ntilikina,PG,24,DAL,36,3,432,34,97,.351,11,52,.212,23,45,.511,.407,12,18,.667,5,41,46,40,8,4,24,49,91,ntilila01
346,Kendrick Nunn,SG-PG,27,TOT,50,2,730,139,327,.425,55,161,.342,84,166,.506,.509,26,31,.839,11,68,79,64,19,3,45,48,359,nunnke01
346,Kendrick Nunn,SG,27,LAL,39,2,528,102,251,.406,41,126,.325,61,125,.488,.488,17,21,.810,5,50,55,34,11,3,31,35,262,nunnke01
346,Kendrick Nunn,PG,27,WAS,11,0,202,37,76,.487,14,35,.400,23,41,.561,.579,9,10,.900,6,18,24,30,8,0,14,13,97,nunnke01
347,Jusuf Nurkić,C,28,POR,45,45,1227,232,443,.524,39,100,.390,193,343,.563,.568,116,169,.686,103,322,425,130,39,39,110,162,619,nurkiju01
348,Jordan Nwora,SF,24,TOT,40,3,623,79,209,.378,41,107,.383,38,102,.373,.476,37,43,.860,29,94,123,39,14,7,35,34,236,nworajo01
348,Jordan Nwora,SF,24,MIL,38,3,597,76,197,.386,40,102,.392,36,95,.379,.487,37,43,.860,29,88,117,38,12,7,34,34,229,nworajo01
348,Jordan Nwora,SF,24,IND,2,0,26,3,12,.250,1,5,.200,2,7,.286,.292,0,0,,0,6,6,1,2,0,1,0,7,nworajo01
349,Royce O'Neale,SF,29,BRK,55,52,1837,175,442,.396,123,306,.402,52,136,.382,.535,32,44,.727,37,224,261,216,46,39,88,170,505,onealro01
350,Chuma Okeke,SF,24,ORL,19,7,404,32,88,.364,18,61,.295,14,27,.519,.466,16,21,.762,21,57,78,26,11,9,10,34,98,okekech01
351,Josh Okogie,SG,24,PHO,50,4,748,103,245,.420,37,106,.349,66,139,.475,.496,72,103,.699,75,85,160,62,35,22,42,75,315,okogijo01
352,Onyeka Okongwu,C,22,ATL,57,17,1365,222,352,.631,1,5,.200,221,347,.637,.632,86,116,.741,152,265,417,58,38,73,55,185,531,okongon01
353,Isaac Okoro,SF,22,CLE,61,31,1295,139,284,.489,47,136,.346,92,148,.622,.572,61,83,.735,39,116,155,70,44,26,37,118,386,okorois01
354,KZ Okpala,PF,23,SAC,35,3,248,16,38,.421,7,21,.333,9,17,.529,.513,7,8,.875,7,27,34,13,7,7,7,39,46,okpalkz01
355,Victor Oladipo,SG,30,MIA,26,1,739,105,260,.404,37,125,.296,68,135,.504,.475,43,57,.754,13,77,90,101,43,6,48,63,290,oladivi01
356,Kelly Olynyk,C,31,UTA,48,48,1353,195,393,.496,70,173,.405,125,220,.568,.585,122,143,.853,60,195,255,158,46,27,105,184,582,olynyke01
357,Eugene Omoruyi,SF,25,OKC,23,2,272,44,94,.468,8,31,.258,36,63,.571,.511,17,28,.607,22,30,52,11,14,0,16,46,113,omorueu01
358,Cedi Osman,SF,27,CLE,58,0,1218,190,415,.458,82,234,.350,108,181,.597,.557,56,83,.675,17,112,129,89,31,7,42,89,518,osmande01
359,Kelly Oubre Jr.,SF,27,CHO,35,30,1141,263,624,.421,80,260,.308,183,364,.503,.486,100,140,.714,52,127,179,42,55,13,44,104,706,oubreke01
360,Chris Paul,PG,37,PHO,39,39,1247,185,434,.426,61,163,.374,124,271,.458,.497,102,123,.829,15,150,165,353,62,18,81,84,533,paulch01
361,Cameron Payne,PG,28,PHO,28,14,671,127,308,.412,48,127,.378,79,181,.436,.490,38,49,.776,9,55,64,148,25,5,55,57,340,payneca01
362,Gary Payton II,PG,30,POR,15,1,255,24,41,.585,9,17,.529,15,24,.625,.695,4,4,1.000,10,29,39,22,16,1,12,29,61,paytoga02
363,Theo Pinson,SG,27,DAL,32,0,232,20,59,.339,15,42,.357,5,17,.294,.466,9,11,.818,8,29,37,28,3,1,9,24,64,pinsoth01
364,Scotty Pippen Jr.,PG,22,LAL,6,0,32,4,12,.333,1,3,.333,3,9,.333,.375,5,9,.556,2,2,4,2,2,1,2,3,14,pippesc02
365,Mason Plumlee,C,32,TOT,58,56,1632,269,400,.673,0,0,,269,400,.673,.673,161,262,.615,189,363,552,211,37,36,88,166,699,plumlma01
365,Mason Plumlee,C,32,CHO,56,56,1597,265,396,.669,0,0,,265,396,.669,.669,155,256,.605,187,354,541,205,35,35,87,161,685,plumlma01
365,Mason Plumlee,C,32,LAC,2,0,35,4,4,1.000,0,0,,4,4,1.000,1.000,6,6,1.000,2,9,11,6,2,1,1,5,14,plumlma01
366,Jakob Poeltl,C,27,TOT,49,48,1278,259,412,.629,0,1,.000,259,411,.630,.629,80,136,.588,160,274,434,146,39,61,101,134,598,poeltja01
366,Jakob Poeltl,C,27,SAS,46,46,1199,239,388,.616,0,1,.000,239,387,.618,.616,78,129,.605,152,264,416,141,36,52,96,118,556,poeltja01
366,Jakob Poeltl,C,27,TOR,3,2,79,20,24,.833,0,0,,20,24,.833,.833,2,7,.286,8,10,18,5,3,9,5,16,42,poeltja01
367,Aleksej Pokusevski,PF,21,OKC,31,25,677,107,243,.440,38,101,.376,69,142,.486,.519,21,33,.636,45,112,157,62,20,41,41,57,273,pokusal01
368,Jordan Poole,PG,23,GSW,58,35,1778,413,939,.440,155,462,.335,258,477,.541,.522,234,272,.860,24,140,164,263,47,14,192,157,1215,poolejo01
369,Kevin Porter Jr.,PG,22,HOU,40,40,1359,269,615,.437,88,254,.346,181,361,.501,.509,141,184,.766,55,163,218,225,53,16,143,109,767,porteke02
370,Michael Porter Jr.,SF,24,DEN,42,42,1234,260,546,.476,123,303,.406,137,243,.564,.589,64,81,.790,39,186,225,43,29,21,47,95,707,portemi01
371,Otto Porter Jr.,SF,29,TOR,8,2,146,15,30,.500,6,17,.353,9,13,.692,.600,8,8,1.000,6,13,19,8,11,0,4,7,44,porteot01
372,Bobby Portis,PF,27,MIL,47,14,1258,281,563,.499,58,170,.341,223,393,.567,.551,58,70,.829,120,353,473,85,22,11,59,81,678,portibo01
373,Kristaps Porziņģis,C,27,WAS,50,50,1627,372,764,.487,100,270,.370,272,494,.551,.552,295,350,.843,95,336,431,127,44,76,109,154,1139,porzikr01
374,Micah Potter,PF,24,UTA,3,0,14,2,2,1.000,0,0,,2,2,1.000,1.000,0,0,,1,2,3,2,0,0,0,2,4,pottemi01
375,Dwight Powell,C,31,DAL,55,43,1083,141,194,.727,0,3,.000,141,191,.738,.727,92,130,.708,112,123,235,44,35,23,50,159,374,poweldw01
376,Norman Powell,SG,29,LAC,50,7,1292,284,584,.486,101,242,.417,183,342,.535,.573,182,226,.805,20,135,155,88,41,16,82,100,851,powelno01
377,Jason Preston,PG,23,LAC,13,0,122,18,41,.439,5,18,.278,13,23,.565,.500,0,2,.000,2,20,22,27,2,0,10,7,41,prestja01
378,Joshua Primo,SG,20,SAS,4,0,93,9,26,.346,3,12,.250,6,14,.429,.404,7,9,.778,2,11,13,18,1,2,11,8,28,primojo01
379,Taurean Prince,SF,28,MIN,37,2,787,117,236,.496,50,126,.397,67,110,.609,.602,30,36,.833,11,79,90,60,19,14,45,88,314,princta02
380,Payton Pritchard,PG,25,BOS,42,2,536,78,193,.404,41,120,.342,37,73,.507,.510,9,13,.692,21,41,62,45,14,1,30,34,206,pritcpa01
381,Trevelin Queen,SG,25,IND,7,0,70,7,29,.241,2,15,.133,5,14,.357,.276,5,5,1.000,8,9,17,6,2,5,7,4,21,queentr01
382,Neemias Queta,C,23,SAC,4,0,25,6,8,.750,0,0,,6,8,.750,.750,0,2,.000,4,5,9,1,0,1,1,7,12,quetane01
383,Immanuel Quickley,PG,23,NYK,59,10,1636,262,599,.437,101,287,.352,161,312,.516,.522,122,148,.824,40,198,238,187,50,8,63,123,747,quickim01
384,Julius Randle,PF,28,NYK,60,60,2152,503,1094,.460,161,477,.338,342,617,.554,.533,318,421,.755,130,516,646,248,40,18,170,184,1485,randlju01
385,Austin Reaves,SG,24,LAL,41,12,1144,137,279,.491,51,137,.372,86,142,.606,.582,104,119,.874,25,97,122,89,21,15,54,68,429,reaveau01
386,Cam Reddish,SF,23,TOT,23,11,507,74,163,.454,24,73,.329,50,90,.556,.528,30,34,.882,8,29,37,25,18,9,16,39,202,reddica01
386,Cam Reddish,SF,23,NYK,20,8,438,61,136,.449,17,56,.304,44,80,.550,.511,29,33,.879,7,24,31,20,15,8,15,32,168,reddica01
386,Cam Reddish,SF,23,POR,3,3,69,13,27,.481,7,17,.412,6,10,.600,.611,1,1,1.000,1,5,6,5,3,1,1,7,34,reddica01
387,Davon Reed,SG,27,TOT,37,1,325,27,82,.329,17,45,.378,10,37,.270,.433,15,20,.750,10,47,57,20,13,4,20,36,86,reedda01
387,Davon Reed,SG,27,DEN,35,1,315,25,80,.313,16,44,.364,9,36,.250,.413,15,20,.750,9,46,55,19,13,4,20,36,81,reedda01
387,Davon Reed,SG,27,LAL,2,0,10,2,2,1.000,1,1,1.000,1,1,1.000,1.250,0,0,,1,1,2,1,0,0,0,0,5,reedda01
388,Paul Reed,C,23,PHI,44,0,422,60,103,.583,0,4,.000,60,99,.606,.583,16,22,.727,54,87,141,14,29,28,26,82,136,reedpa01
389,Naz Reid,C,23,MIN,53,10,939,216,408,.529,51,155,.329,165,253,.652,.592,56,83,.675,60,190,250,54,29,45,68,129,539,reidna01
390,Jared Rhoden,SG,23,DET,1,0,12,1,3,.333,0,1,.000,1,2,.500,.333,0,0,,0,1,1,0,0,0,0,3,2,rhodeja01
391,Nick Richards,C,25,CHO,45,0,776,135,218,.619,0,0,,135,218,.619,.619,90,124,.726,112,147,259,22,9,43,39,104,360,richani01
392,Josh Richardson,SG,29,TOT,44,6,1050,183,421,.435,75,214,.350,108,207,.522,.524,58,68,.853,30,94,124,142,47,14,65,77,499,richajo01
392,Josh Richardson,SG,29,SAS,42,6,997,177,406,.436,74,207,.357,103,199,.518,.527,53,60,.883,30,89,119,137,40,11,63,70,481,richajo01
392,Josh Richardson,SG,29,NOP,2,0,53,6,15,.400,1,7,.143,5,8,.625,.433,5,8,.625,0,5,5,5,7,3,2,7,18,richajo01
393,Austin Rivers,SG,30,MIN,46,10,955,88,193,.456,41,114,.360,47,79,.595,.562,30,35,.857,4,75,79,70,28,3,22,77,247,riverau01
394,Duncan Robinson,SF,28,MIA,29,0,524,66,181,.365,48,146,.329,18,35,.514,.497,20,22,.909,8,49,57,35,9,0,19,60,200,robindu01
395,Mitchell Robinson,C,24,NYK,38,37,1022,118,175,.674,0,0,,118,175,.674,.674,39,77,.506,165,173,338,37,34,68,18,111,275,robinmi01
396,Orlando Robinson,C,22,MIA,29,1,397,46,86,.535,0,5,.000,46,81,.568,.535,21,29,.724,44,74,118,21,12,12,15,52,113,robinor01
397,Jeremiah Robinson-Earl,PF,22,OKC,28,18,585,88,183,.481,29,80,.363,59,103,.573,.560,25,32,.781,53,82,135,25,21,11,16,52,230,robinje02
398,Isaiah Roby,PF,24,SAS,42,2,474,67,155,.432,18,60,.300,49,95,.516,.490,20,41,.488,21,86,107,38,18,7,31,53,172,robyis01
399,David Roddy,PF,21,MEM,46,1,817,111,265,.419,39,133,.293,72,132,.545,.492,30,48,.625,31,92,123,30,23,12,43,70,291,roddyda01
400,Ryan Rollins,PG,20,GSW,12,0,62,7,20,.350,3,9,.333,4,11,.364,.425,6,6,1.000,3,9,12,6,1,1,16,10,23,rolliry01
401,Derrick Rose,PG,34,NYK,26,0,336,61,155,.394,19,60,.317,42,95,.442,.455,11,12,.917,8,32,40,46,7,5,22,18,152,rosede01
402,Terrence Ross,SG,31,TOT,43,9,969,136,316,.430,62,168,.369,74,148,.500,.528,16,22,.727,11,78,89,58,25,8,37,55,350,rosste01
402,Terrence Ross,SG,31,ORL,42,9,944,129,299,.431,61,160,.381,68,139,.489,.533,15,20,.750,10,75,85,54,25,8,37,53,334,rosste01
402,Terrence Ross,SG,31,PHO,1,0,25,7,17,.412,1,8,.125,6,9,.667,.441,1,2,.500,1,3,4,4,0,0,0,2,16,rosste01
403,Terry Rozier,SG,28,CHO,49,49,1746,396,946,.419,134,402,.333,262,544,.482,.489,141,172,.820,47,163,210,240,53,13,103,91,1067,roziete01
404,Ricky Rubio,PG,32,CLE,14,0,235,26,79,.329,13,46,.283,13,33,.394,.411,15,20,.750,3,32,35,53,15,2,10,20,80,rubiori01
405,D'Angelo Russell,PG,26,TOT,57,57,1869,356,767,.464,154,395,.390,202,372,.543,.565,153,180,.850,30,145,175,351,61,21,152,122,1019,russeda01
405,D'Angelo Russell,PG,26,MIN,54,54,1778,338,727,.465,148,379,.391,190,348,.546,.567,143,167,.856,28,137,165,334,60,21,147,117,967,russeda01
405,D'Angelo Russell,PG,26,LAL,3,3,91,18,40,.450,6,16,.375,12,24,.500,.525,10,13,.769,2,8,10,17,1,0,5,5,52,russeda01
406,Matt Ryan,SF,25,TOT,32,0,303,40,107,.374,32,83,.386,8,24,.333,.523,10,12,.833,4,21,25,15,5,1,7,27,122,ryanma01
406,Matt Ryan,SF,25,LAL,12,0,129,15,49,.306,13,35,.371,2,14,.143,.439,4,5,.800,2,12,14,4,2,0,3,14,47,ryanma01
406,Matt Ryan,SF,25,MIN,20,0,174,25,58,.431,19,48,.396,6,10,.600,.595,6,7,.857,2,9,11,11,3,1,4,13,75,ryanma01
407,Domantas Sabonis,C,26,SAC,55,55,1904,389,637,.611,23,66,.348,366,571,.641,.629,233,305,.764,164,511,675,379,46,25,158,204,1034,sabondo01
408,Dario Šarić,PF,28,TOT,38,12,547,80,184,.435,28,72,.389,52,112,.464,.511,39,47,.830,40,107,147,57,14,5,38,72,227,saricda01
408,Dario Šarić,PF,28,PHO,37,12,533,76,178,.427,27,69,.391,49,109,.450,.503,36,44,.818,39,103,142,57,13,5,36,69,215,saricda01
408,Dario Šarić,PF,28,OKC,1,0,14,4,6,.667,1,3,.333,3,3,1.000,.750,3,3,1.000,1,4,5,0,1,0,2,3,12,saricda01
409,Jordan Schakel,SF,24,WAS,2,0,6,1,2,.500,1,1,1.000,0,1,.000,.750,0,0,,0,0,0,1,1,0,0,1,3,schakjo01
410,Admiral Schofield,PF,25,ORL,27,0,350,44,92,.478,18,54,.333,26,38,.684,.576,17,19,.895,19,33,52,23,6,3,6,52,123,schofad01
411,Dennis Schröder,PG,29,LAL,45,41,1379,181,429,.422,54,156,.346,127,273,.465,.485,141,163,.865,13,105,118,189,32,5,71,102,557,schrode01
412,Dereon Seabron,SG,22,NOP,5,0,12,2,5,.400,0,0,,2,5,.400,.400,0,0,,1,0,1,0,0,0,0,1,4,seabrde01
413,Alperen Şengün,C,20,HOU,53,50,1498,314,559,.562,12,38,.316,302,521,.580,.572,162,215,.753,167,297,464,194,45,51,133,180,802,sengual01
414,Collin Sexton,SG,24,UTA,47,15,1129,230,454,.507,48,117,.410,182,337,.540,.559,162,197,.822,37,67,104,135,27,6,84,109,670,sextoco01
415,Landry Shamet,SG,25,PHO,30,7,642,92,242,.380,61,162,.377,31,80,.388,.506,41,45,.911,8,43,51,67,18,5,29,46,286,shamela01
416,Day'Ron Sharpe,C,21,BRK,32,2,327,54,100,.540,4,6,.667,50,94,.532,.560,16,27,.593,53,70,123,23,5,16,27,60,128,sharpda01
417,Shaedon Sharpe,SG,19,POR,57,5,1157,181,378,.479,57,160,.356,124,218,.569,.554,32,48,.667,44,101,145,37,21,14,37,91,451,sharpsh01
418,Pascal Siakam,C,28,TOR,49,49,1845,444,922,.482,69,201,.343,375,721,.520,.519,280,366,.765,92,289,381,300,40,27,126,166,1237,siakapa01
419,Chris Silva,PF,26,DAL,1,0,3,1,1,1.000,0,0,,1,1,1.000,1.000,0,0,,0,0,0,0,0,0,1,2,2,silvach01
420,Ben Simmons,PG,26,BRK,42,33,1105,133,235,.566,0,2,.000,133,233,.571,.566,25,57,.439,40,223,263,256,54,24,97,139,291,simmobe01
421,Marko Simonovic,C,23,CHI,3,0,5,0,1,.000,0,1,.000,0,0,,.000,0,0,,0,0,0,0,0,0,0,1,0,simonma01
422,Anfernee Simons,SG,23,POR,56,56,1990,427,949,.450,196,515,.381,231,434,.532,.553,146,160,.913,15,135,150,235,40,13,121,133,1196,simonan01
423,Jericho Sims,C,24,NYK,47,16,767,80,104,.769,0,1,.000,80,103,.777,.769,12,16,.750,93,137,230,24,15,27,24,91,172,simsje01
424,Marcus Smart,PG,28,BOS,42,42,1360,168,395,.425,74,222,.333,94,173,.543,.519,56,73,.767,30,117,147,300,59,17,99,110,466,smartma01
425,Dennis Smith Jr.,PG,25,CHO,38,12,951,130,304,.428,15,72,.208,115,232,.496,.452,45,61,.738,16,89,105,168,52,17,59,85,320,smithde03
426,Dru Smith,SG,25,TOT,8,1,97,10,23,.435,2,10,.200,8,13,.615,.478,0,0,,1,14,15,10,8,3,2,13,22,smithdr01
426,Dru Smith,SG,25,MIA,5,1,67,5,14,.357,1,6,.167,4,8,.500,.393,0,0,,1,8,9,5,4,3,1,10,11,smithdr01
426,Dru Smith,SG,25,BRK,3,0,30,5,9,.556,1,4,.250,4,5,.800,.611,0,0,,0,6,6,5,4,0,1,3,11,smithdr01
427,Ish Smith,PG,34,DEN,30,0,311,41,98,.418,2,6,.333,39,92,.424,.429,1,2,.500,4,38,42,73,6,6,35,27,85,smithis01
428,Jabari Smith Jr.,PF,19,HOU,55,55,1646,232,596,.389,88,290,.303,144,306,.471,.463,108,136,.794,71,316,387,65,28,53,81,163,660,smithja05
429,Jalen Smith,PF,22,IND,51,28,928,173,375,.461,41,150,.273,132,225,.587,.516,76,100,.760,89,196,285,48,17,39,57,107,463,smithja04
430,Jeremy Sochan,PF,19,SAS,48,45,1242,195,435,.448,28,107,.262,167,328,.509,.480,61,88,.693,81,155,236,121,36,22,83,122,479,sochaje01
431,Jaden Springer,SG,20,PHI,7,0,26,7,12,.583,0,0,,7,12,.583,.583,3,4,.750,4,3,7,1,2,2,1,7,17,sprinja01
432,Lamar Stevens,PF,25,CLE,42,18,739,87,190,.458,19,63,.302,68,127,.535,.508,25,36,.694,23,101,124,21,15,14,20,53,218,stevela01
433,Isaiah Stewart,C,21,DET,48,45,1368,191,430,.444,64,198,.323,127,232,.547,.519,106,145,.731,112,274,386,66,20,32,67,128,552,stewais01
434,Max Strus,SF,26,MIA,57,27,1722,252,625,.403,148,438,.338,104,187,.556,.522,66,75,.880,40,165,205,125,37,9,57,121,718,strusma01
435,Jalen Suggs,PG,21,ORL,34,14,781,115,268,.429,39,127,.307,76,141,.539,.502,52,76,.684,30,61,91,117,44,16,65,80,321,suggsja01
436,Edmond Sumner,SG,27,BRK,46,12,669,113,246,.459,28,81,.346,85,165,.515,.516,88,95,.926,11,61,72,66,30,9,44,76,342,sumneed01
437,Cole Swider,SF,23,LAL,6,0,40,3,9,.333,3,8,.375,0,1,.000,.500,0,0,,1,6,7,4,0,0,0,3,9,swideco01
438,Jae'Sean Tate,SF,27,HOU,20,5,420,61,135,.452,8,26,.308,53,109,.486,.481,24,37,.649,32,45,77,51,11,4,33,65,154,tateja01
439,Jayson Tatum,PF,24,BOS,55,55,2051,547,1178,.464,183,512,.357,364,666,.547,.542,408,472,.864,57,416,473,250,57,43,159,120,1685,tatumja01
440,Terry Taylor,PF,23,IND,26,2,228,30,65,.462,4,18,.222,26,47,.553,.492,5,7,.714,22,17,39,10,3,5,9,24,69,taylote01
441,Garrett Temple,SG,36,NOP,18,0,129,15,35,.429,9,21,.429,6,14,.429,.557,3,4,.750,2,9,11,10,9,1,3,14,42,templga01
442,Dalen Terry,SG,20,CHI,23,0,115,15,37,.405,2,12,.167,13,25,.520,.432,3,6,.500,7,10,17,14,4,4,6,9,35,terryda01
443,Daniel Theis,C,30,IND,6,1,93,18,37,.486,1,8,.125,17,29,.586,.500,4,10,.400,4,13,17,6,1,4,2,6,41,theisda01
444,Cam Thomas,SG,21,BRK,41,3,679,147,321,.458,36,88,.409,111,233,.476,.514,114,135,.844,6,63,69,64,15,5,43,44,444,thomaca02
445,Klay Thompson,SG,32,GSW,46,46,1508,355,843,.421,194,487,.398,161,356,.452,.536,81,92,.880,31,147,178,114,30,16,77,94,985,thompkl01
446,JT Thor,PF,20,CHO,47,0,506,44,118,.373,15,60,.250,29,58,.500,.436,18,29,.621,25,57,82,18,11,11,22,36,121,thorjt01
447,Matisse Thybulle,SG,25,TOT,51,8,648,56,129,.434,25,72,.347,31,57,.544,.531,9,12,.750,21,49,70,26,50,17,10,71,146,thybuma01
447,Matisse Thybulle,SG,25,PHI,49,6,591,50,116,.431,21,63,.333,29,53,.547,.522,9,12,.750,20,43,63,23,45,14,8,65,130,thybuma01
447,Matisse Thybulle,SG,25,POR,2,2,57,6,13,.462,4,9,.444,2,4,.500,.615,0,0,,1,6,7,3,5,3,2,6,16,thybuma01
448,Xavier Tillman Sr.,PF,24,MEM,38,8,560,82,135,.607,3,10,.300,79,125,.632,.619,27,54,.500,67,78,145,41,29,14,20,45,194,tillmxa01
449,Isaiah Todd,PF,21,WAS,4,0,13,1,4,.250,0,3,.000,1,1,1.000,.250,0,0,,0,0,0,0,0,0,0,0,2,toddis01
450,Obi Toppin,PF,24,NYK,45,0,669,106,255,.416,53,151,.351,53,104,.510,.520,23,31,.742,21,118,139,38,14,7,21,45,288,toppiob01
451,Juan Toscano-Anderson,SF,29,TOT,31,7,390,36,71,.507,5,22,.227,31,49,.633,.542,11,15,.733,15,56,71,26,11,7,18,47,88,toscaju01
451,Juan Toscano-Anderson,SF,29,LAL,30,7,365,33,66,.500,4,20,.200,29,46,.630,.530,11,15,.733,14,47,61,25,10,7,17,46,81,toscaju01
451,Juan Toscano-Anderson,SF,29,UTA,1,0,25,3,5,.600,1,2,.500,2,3,.667,.700,0,0,,1,9,10,1,1,0,1,1,7,toscaju01
452,Karl-Anthony Towns,PF,27,MIN,21,21,709,153,303,.505,38,117,.325,115,186,.618,.568,92,104,.885,35,137,172,111,16,14,65,82,436,townska01
453,Gary Trent Jr.,SG,24,TOR,50,40,1682,327,739,.442,132,358,.369,195,381,.512,.532,146,175,.834,19,109,128,81,83,14,46,87,932,trentga02
454,P.J. Tucker,PF,37,PHI,55,55,1415,68,158,.430,37,92,.402,31,66,.470,.547,16,18,.889,70,143,213,44,26,13,36,134,189,tuckepj01
455,Myles Turner,C,26,IND,50,50,1489,312,583,.535,78,205,.380,234,378,.619,.602,175,223,.785,78,320,398,66,30,117,81,165,877,turnemy01
456,Stanley Umude,SG,23,DET,1,0,2,0,1,.000,0,1,.000,0,0,,.000,2,2,1.000,0,0,0,0,1,1,0,0,2,umudest01
457,Jonas Valančiūnas,C,30,NOP,58,58,1433,332,610,.544,31,91,.341,301,519,.580,.570,141,171,.825,166,399,565,96,16,28,111,178,836,valanjo01
458,Jarred Vanderbilt,PF,23,TOT,55,42,1321,183,325,.563,19,57,.333,164,268,.612,.592,71,106,.670,125,302,427,151,57,16,70,139,456,vandeja01
458,Jarred Vanderbilt,PF,23,UTA,52,41,1254,173,311,.556,19,57,.333,154,254,.606,.587,67,102,.657,121,288,409,142,53,15,68,133,432,vandeja01
458,Jarred Vanderbilt,PF,23,LAL,3,1,67,10,14,.714,0,0,,10,14,.714,.714,4,4,1.000,4,14,18,9,4,1,2,6,24,vandeja01
459,Fred VanVleet,PG,28,TOR,50,50,1847,322,817,.394,150,436,.344,172,381,.451,.486,191,214,.893,25,191,216,332,79,31,95,143,985,vanvlfr01
460,Devin Vassell,SG,22,SAS,29,24,907,206,463,.445,82,203,.404,124,260,.477,.533,69,87,.793,6,109,115,104,35,12,45,42,563,vassede01
461,Gabe Vincent,PG,26,MIA,45,11,1183,156,391,.399,80,243,.329,76,148,.514,.501,57,65,.877,18,85,103,117,42,4,67,113,449,vincega01
462,Noah Vonleh,C,27,BOS,23,1,171,11,24,.458,1,4,.250,10,20,.500,.479,2,2,1.000,18,30,48,7,2,8,11,35,25,vonleno01
463,Nikola Vučević,C,32,CHI,59,59,2004,432,838,.516,98,275,.356,334,563,.593,.574,92,112,.821,123,553,676,198,41,48,102,133,1054,vucevni01
464,Dean Wade,PF,26,CLE,31,9,671,59,132,.447,36,93,.387,23,39,.590,.583,15,23,.652,16,100,116,28,21,15,13,70,169,wadede01
465,Franz Wagner,SF,21,ORL,58,58,1924,400,826,.484,96,262,.366,304,564,.539,.542,200,241,.830,53,175,228,205,54,11,124,133,1096,wagnefr01
466,Moritz Wagner,C,25,ORL,38,14,799,138,282,.489,39,122,.320,99,160,.619,.559,111,128,.867,53,127,180,64,29,9,47,104,426,wagnemo01
467,Ish Wainright,SF,28,PHO,42,1,653,61,159,.384,40,118,.339,21,41,.512,.509,17,21,.810,35,55,90,43,35,13,19,87,179,wainris01
468,Jabari Walker,SF,20,POR,38,0,335,40,89,.449,5,23,.217,35,66,.530,.478,21,29,.724,32,48,80,20,4,6,14,38,106,walkeja01
469,Kemba Walker,PG,32,DAL,9,1,144,24,57,.421,7,28,.250,17,29,.586,.482,17,21,.810,3,13,16,19,2,2,4,11,72,walkeke02
470,Lonnie Walker IV,SG,24,LAL,42,32,1123,201,443,.454,74,201,.368,127,242,.525,.537,77,87,.885,13,76,89,56,26,14,38,62,553,walkelo01
471,John Wall,PG,32,LAC,34,3,755,138,338,.408,33,109,.303,105,229,.459,.457,77,113,.681,14,78,92,178,27,12,80,59,386,walljo01
472,T.J. Warren,PF-SF,29,TOT,28,0,505,105,205,.512,17,49,.347,88,156,.564,.554,27,33,.818,14,63,77,29,16,7,17,46,254,warretj01
472,T.J. Warren,PF,29,BRK,26,0,490,102,200,.510,16,48,.333,86,152,.566,.550,27,33,.818,13,59,72,29,15,7,17,45,247,warretj01
472,T.J. Warren,SF,29,PHO,2,0,15,3,5,.600,1,1,1.000,2,4,.500,.700,0,0,,1,4,5,0,1,0,0,1,7,warretj01
473,Duane Washington Jr.,SG,22,PHO,31,3,394,94,256,.367,40,111,.360,54,145,.372,.445,16,24,.667,2,34,36,63,6,4,34,23,244,washidu02
474,P.J. Washington,PF,24,CHO,59,59,1940,338,764,.442,119,341,.349,219,423,.518,.520,102,137,.745,60,217,277,143,53,66,83,155,897,washipj01
475,TyTy Washington Jr.,PG,21,HOU,23,0,292,40,111,.360,9,50,.180,31,61,.508,.401,6,11,.545,2,29,31,33,9,1,9,26,95,washity02
476,Yuta Watanabe,SF,28,BRK,43,0,772,100,192,.521,52,108,.481,48,84,.571,.656,29,39,.744,26,84,110,38,19,15,17,62,281,watanyu01
477,Lindy Waters III,SG,25,OKC,23,0,256,32,83,.386,28,77,.364,4,6,.667,.554,5,7,.714,7,28,35,16,7,6,6,21,97,waterli01
478,Trendon Watford,PF,22,POR,42,2,680,85,151,.563,16,33,.485,69,118,.585,.616,45,61,.738,27,113,140,69,15,6,40,78,231,watfotr01
479,Peyton Watson,SG,20,DEN,12,0,38,9,17,.529,1,2,.500,8,15,.533,.559,0,2,.000,3,5,8,1,0,1,2,2,19,watsope01
480,Blake Wesley,SG,19,SAS,15,1,196,25,66,.379,7,19,.368,18,47,.383,.432,6,11,.545,2,18,20,20,5,1,20,28,63,weslebl01
481,Russell Westbrook,PG,34,LAL,52,3,1491,304,729,.417,63,213,.296,241,516,.467,.460,156,238,.655,59,262,321,391,53,23,184,121,827,westbru01
482,Coby White,SG,22,CHI,51,1,1135,161,386,.417,83,235,.353,78,151,.517,.525,44,53,.830,11,126,137,101,38,5,41,86,449,whiteco01
483,Derrick White,SG,28,BOS,59,51,1636,238,528,.451,106,275,.385,132,253,.522,.551,112,130,.862,32,164,196,229,44,54,63,130,694,whitede01
484,Jack White,SF,25,DEN,14,0,43,5,14,.357,1,6,.167,4,8,.500,.393,1,1,1.000,3,4,7,0,1,2,1,6,12,whiteja03
485,Joe Wieskamp,SF,23,TOR,2,0,17,3,5,.600,3,4,.750,0,1,.000,.900,0,0,,0,0,0,1,0,0,1,0,9,wieskjo01
486,Aaron Wiggins,SG,24,OKC,46,12,846,112,222,.505,32,79,.405,80,143,.559,.577,39,47,.830,48,98,146,62,21,8,37,74,295,wiggiaa01
487,Andrew Wiggins,SF,27,GSW,37,37,1190,250,529,.473,89,225,.396,161,304,.530,.557,44,72,.611,61,125,186,85,45,28,48,107,633,wiggian01
488,Alondes Williams,SG,23,BRK,1,0,5,0,0,,0,0,,0,0,,,0,0,,0,1,1,0,0,0,2,1,0,willial06
489,Grant Williams,PF,24,BOS,58,21,1616,170,366,.464,89,215,.414,81,151,.536,.586,78,94,.830,64,216,280,106,37,22,66,150,507,willigr01
490,Jalen Williams,SG,21,OKC,53,40,1539,259,510,.508,46,142,.324,213,368,.579,.553,82,108,.759,48,171,219,153,66,29,83,135,646,willija06
491,Jaylin Williams,PF,20,OKC,25,12,393,50,107,.467,18,40,.450,32,67,.478,.551,14,21,.667,21,93,114,35,10,4,16,47,132,willija07
492,Kenrich Williams,PF,28,OKC,49,10,1101,161,310,.519,47,123,.382,114,187,.610,.595,14,32,.438,93,150,243,97,37,14,27,95,383,willike04
493,Mark Williams,C,21,CHO,29,4,461,87,138,.630,0,0,,87,138,.630,.630,46,63,.730,49,113,162,8,21,34,22,61,220,willima07
494,Patrick Williams,PF,21,CHI,59,58,1715,226,494,.457,82,206,.398,144,288,.500,.540,64,72,.889,57,201,258,79,49,46,78,116,598,willipa01
495,Robert Williams,C,25,BOS,23,13,543,88,119,.739,0,1,.000,88,118,.746,.739,15,23,.652,73,132,205,38,12,26,22,41,191,williro04
496,Vince Williams Jr.,SG,22,MEM,9,0,49,3,13,.231,1,9,.111,2,4,.500,.269,0,0,,2,5,7,3,4,1,1,6,7,willivi01
497,Ziaire Williams,SF,21,MEM,28,3,486,67,159,.421,20,81,.247,47,78,.603,.484,13,17,.765,11,58,69,24,12,5,29,51,167,willizi02
498,Zion Williamson,PF,22,NOP,29,29,956,285,469,.608,7,19,.368,278,450,.618,.615,177,248,.714,58,144,202,133,32,16,99,65,754,willizi01
499,Justise Winslow,SF,26,POR,29,11,776,81,198,.409,14,45,.311,67,153,.438,.444,20,28,.714,49,96,145,98,30,11,43,89,196,winslju01
500,James Wiseman,C,21,TOT,22,0,286,64,103,.621,1,3,.333,63,100,.630,.626,27,40,.675,20,58,78,14,3,7,14,40,156,wisemja01
500,James Wiseman,C,21,GSW,21,0,262,59,94,.628,1,2,.500,58,92,.630,.633,26,38,.684,18,55,73,14,3,7,14,39,145,wisemja01
500,James Wiseman,C,21,DET,1,0,24,5,9,.556,0,1,.000,5,8,.625,.556,1,2,.500,2,3,5,0,0,0,0,1,11,wisemja01
501,Christian Wood,C,27,DAL,48,17,1329,309,585,.528,84,222,.378,225,363,.620,.600,150,198,.758,65,318,383,84,22,56,93,129,852,woodch01
502,Delon Wright,PG,30,WAS,29,2,653,66,150,.440,20,65,.308,46,85,.541,.507,28,31,.903,30,63,93,107,58,8,28,40,180,wrighde01
503,McKinley Wright IV,PG,24,DAL,20,1,206,23,49,.469,4,14,.286,19,35,.543,.510,7,11,.636,6,20,26,37,7,3,12,18,57,wrighmc01
504,Thaddeus Young,PF,34,TOR,47,9,754,104,185,.562,5,31,.161,99,154,.643,.576,18,26,.692,67,89,156,70,53,5,38,85,231,youngth01
505,Trae Young,PG,24,ATL,52,52,1841,438,1023,.428,112,346,.324,326,677,.482,.483,402,454,.885,38,115,153,533,54,8,215,78,1390,youngtr01
506,Ivica Zubac,C,25,LAC,59,59,1734,237,384,.617,0,2,.000,237,382,.620,.617,128,183,.699,196,402,598,62,23,77,101,174,602,zubaciv01